# Residuals   
# Time        	Ux            	Uy            	Uz            	p             	k             	epsilon       
1             	1.000000e+00	1.000000e+00	1.000000e+00	1.000000e+00	1.000000e+00	7.726068e-01
2             	1.554380e-01	2.165645e-01	5.891204e-02	4.913211e-01	5.648663e-01	5.876879e-01
3             	6.399508e-01	3.906565e-01	2.163683e-01	6.311855e-02	3.862340e-01	3.474594e-01
4             	5.384864e-01	2.539125e-01	1.910532e-01	5.649618e-02	6.522640e-01	5.859176e-01
5             	3.598172e-01	2.854171e-01	1.279465e-01	8.123908e-02	3.982697e-01	1.424125e-01
6             	2.088742e-01	2.420083e-01	8.450662e-02	4.573032e-01	2.966226e-01	2.204671e-01
7             	1.786765e-01	1.944603e-01	8.403119e-02	1.202940e-01	1.913996e-01	1.667795e-01
8             	1.944722e-01	1.677494e-01	1.013745e-01	1.029358e-01	1.467895e-01	1.175354e-01
9             	1.562677e-01	1.670512e-01	1.002097e-01	1.745399e-01	1.161792e-01	8.272718e-02
10            	1.319670e-01	1.973051e-01	9.311538e-02	2.761366e-01	8.870059e-02	6.002435e-02
11            	1.190244e-01	2.138652e-01	9.158734e-02	1.264597e-01	7.060890e-02	4.298407e-02
12            	1.108738e-01	1.804814e-01	7.124988e-02	1.294980e-01	5.756813e-02	4.376756e-02
13            	8.109492e-02	1.432674e-01	4.597005e-02	3.759170e-01	4.975154e-02	4.019166e-02
14            	6.882739e-02	1.317216e-01	4.229144e-02	1.609473e-01	4.494861e-02	3.660177e-02
15            	6.015105e-02	1.152737e-01	4.772655e-02	1.165780e-01	4.126931e-02	3.441904e-02
16            	4.779194e-02	1.146836e-01	4.632337e-02	1.604093e-01	3.773561e-02	3.177318e-02
17            	3.787207e-02	1.269768e-01	4.551564e-02	4.472181e-01	3.447596e-02	2.897193e-02
18            	3.785819e-02	1.240178e-01	4.151248e-02	1.710872e-01	3.206988e-02	2.721178e-02
19            	3.576321e-02	1.066486e-01	3.237673e-02	1.465607e-01	3.023336e-02	2.555331e-02
20            	2.938258e-02	9.011687e-02	2.445470e-02	2.864680e-01	2.872291e-02	2.409696e-02
21            	2.522591e-02	7.941279e-02	2.387134e-02	2.125634e-01	2.745140e-02	2.286609e-02
22            	2.117887e-02	7.473222e-02	2.459478e-02	1.304446e-01	2.628044e-02	2.141456e-02
23            	1.754514e-02	7.674987e-02	2.520760e-02	1.335758e-01	2.525175e-02	2.021200e-02
24            	1.613920e-02	7.931294e-02	2.506261e-02	2.167788e-01	2.438354e-02	1.923818e-02
25            	1.603050e-02	7.793770e-02	2.317866e-02	4.785260e-01	2.351946e-02	1.886357e-02
26            	1.552802e-02	7.177826e-02	2.036195e-02	2.839889e-01	2.281317e-02	1.803268e-02
27            	1.432422e-02	6.607060e-02	1.838965e-02	3.732162e-01	2.220986e-02	1.726974e-02
28            	1.302919e-02	6.208162e-02	1.725185e-02	2.338327e-01	2.161293e-02	1.662400e-02
29            	1.194250e-02	5.917595e-02	1.673426e-02	1.483584e-01	2.109553e-02	1.605656e-02
30            	1.100075e-02	5.626145e-02	1.662412e-02	1.189975e-01	2.065823e-02	1.556798e-02
31            	1.031305e-02	5.487869e-02	1.655191e-02	1.129110e-01	2.014170e-02	1.493600e-02
32            	1.004836e-02	5.406491e-02	1.580712e-02	1.185615e-01	1.967015e-02	1.452482e-02
33            	9.862982e-03	5.281953e-02	1.463029e-02	1.309011e-01	1.921018e-02	1.380762e-02
34            	9.495438e-03	5.084246e-02	1.370247e-02	1.261246e-01	1.883402e-02	1.332688e-02
35            	9.017194e-03	4.858831e-02	1.336445e-02	1.081972e-01	1.849101e-02	1.308835e-02
36            	8.543166e-03	4.672091e-02	1.315762e-02	8.697286e-02	1.810744e-02	1.258648e-02
37            	8.152363e-03	4.532359e-02	1.284940e-02	7.191068e-02	1.774382e-02	1.212615e-02
38            	7.859701e-03	4.402706e-02	1.239416e-02	6.400458e-02	1.741983e-02	1.181300e-02
39            	7.627333e-03	4.315158e-02	1.194390e-02	5.912065e-02	1.711036e-02	1.135713e-02
40            	7.413285e-03	4.282913e-02	1.156350e-02	5.265576e-02	1.680123e-02	1.102002e-02
41            	7.176176e-03	4.255171e-02	1.124746e-02	4.666427e-02	1.653652e-02	1.065821e-02
42            	6.969267e-03	4.180054e-02	1.094840e-02	4.377704e-02	1.626931e-02	1.034761e-02
43            	6.754920e-03	4.051001e-02	1.072495e-02	3.970647e-02	1.600648e-02	1.002751e-02
44            	6.566301e-03	3.929392e-02	1.055666e-02	3.813349e-02	1.575453e-02	9.691317e-03
45            	6.378852e-03	3.839195e-02	1.040462e-02	3.520630e-02	1.551185e-02	9.384318e-03
46            	6.213866e-03	3.784580e-02	1.024179e-02	3.337221e-02	1.529469e-02	9.106126e-03
47            	6.048716e-03	3.756451e-02	1.008757e-02	3.142220e-02	1.505960e-02	8.834111e-03
48            	5.914724e-03	3.725731e-02	9.909199e-03	2.999496e-02	1.484011e-02	8.572425e-03
49            	5.777330e-03	3.691517e-02	9.747957e-03	2.761132e-02	1.462828e-02	8.335325e-03
50            	5.657847e-03	3.640799e-02	9.590160e-03	2.711240e-02	1.443913e-02	8.095139e-03
51            	5.546922e-03	3.590227e-02	9.469455e-03	2.571893e-02	1.424390e-02	7.876522e-03
52            	5.434407e-03	3.531808e-02	9.375368e-03	2.565384e-02	1.404289e-02	7.690025e-03
53            	5.319468e-03	3.475204e-02	9.297051e-03	2.422793e-02	1.385916e-02	7.474121e-03
54            	5.228708e-03	3.428108e-02	9.219905e-03	2.504645e-02	1.368048e-02	7.294672e-03
55            	5.130952e-03	3.398019e-02	9.153362e-03	2.341368e-02	1.350350e-02	7.146150e-03
56            	5.041679e-03	3.376487e-02	9.104522e-03	2.292619e-02	1.332833e-02	6.973002e-03
57            	4.955997e-03	3.356897e-02	9.045606e-03	2.240637e-02	1.315469e-02	6.815191e-03
58            	4.874511e-03	3.337950e-02	9.003272e-03	2.097440e-02	1.299858e-02	6.668602e-03
59            	4.791071e-03	3.322080e-02	8.973753e-03	2.085121e-02	1.283382e-02	6.526517e-03
60            	4.715856e-03	3.311186e-02	8.945863e-03	2.003121e-02	1.266497e-02	6.392898e-03
61            	4.644484e-03	3.309839e-02	8.919255e-03	1.958807e-02	1.251070e-02	6.257451e-03
62            	4.575960e-03	3.315944e-02	8.902333e-03	1.937120e-02	1.236044e-02	6.143569e-03
63            	4.508635e-03	3.340275e-02	8.886143e-03	1.927298e-02	1.220446e-02	6.066793e-03
64            	4.450043e-03	3.353559e-02	8.853712e-03	1.862491e-02	1.204245e-02	5.937794e-03
65            	4.387712e-03	3.376500e-02	8.849657e-03	1.837275e-02	1.190375e-02	5.829658e-03
66            	4.326484e-03	3.391575e-02	8.840495e-03	1.793226e-02	1.175657e-02	5.719936e-03
67            	4.268588e-03	3.404993e-02	8.835541e-03	1.766400e-02	1.161734e-02	5.632676e-03
68            	4.216001e-03	3.403375e-02	8.820826e-03	1.754354e-02	1.146886e-02	5.492008e-03
69            	4.159759e-03	3.406161e-02	8.812985e-03	1.725397e-02	1.134706e-02	5.375201e-03
70            	4.110581e-03	3.414368e-02	8.817012e-03	1.745181e-02	1.121362e-02	5.265507e-03
71            	4.062415e-03	3.425704e-02	8.815830e-03	1.739553e-02	1.109995e-02	5.171281e-03
72            	4.015239e-03	3.445330e-02	8.834361e-03	1.737014e-02	1.100052e-02	5.071827e-03
73            	3.968579e-03	3.433340e-02	8.864706e-03	1.712356e-02	1.092171e-02	4.986985e-03
74            	3.920767e-03	3.407957e-02	8.883142e-03	1.691978e-02	1.083539e-02	4.906517e-03
75            	3.880436e-03	3.393148e-02	8.909665e-03	1.652545e-02	1.075670e-02	4.829231e-03
76            	3.840831e-03	3.378613e-02	8.949884e-03	1.677878e-02	1.070163e-02	4.761617e-03
77            	3.800922e-03	3.366157e-02	8.978516e-03	1.721935e-02	1.064283e-02	4.708333e-03
78            	3.758972e-03	3.341615e-02	9.002229e-03	1.683139e-02	1.058864e-02	4.647436e-03
79            	3.724381e-03	3.286646e-02	9.041159e-03	1.735267e-02	1.054816e-02	4.584895e-03
80            	3.680535e-03	3.243925e-02	9.072976e-03	1.705189e-02	1.050932e-02	4.530344e-03
81            	3.644624e-03	3.230759e-02	9.130478e-03	1.740279e-02	1.047049e-02	4.482466e-03
82            	3.605569e-03	3.195300e-02	9.176519e-03	1.725725e-02	1.043580e-02	4.455311e-03
83            	3.569120e-03	3.136736e-02	9.244148e-03	1.771533e-02	1.040006e-02	4.415720e-03
84            	3.535038e-03	3.071156e-02	9.317420e-03	1.768696e-02	1.035206e-02	4.417531e-03
85            	3.501267e-03	2.997238e-02	9.381450e-03	1.812994e-02	1.030283e-02	4.401304e-03
86            	3.462999e-03	2.916159e-02	9.424759e-03	1.794359e-02	1.027268e-02	4.327413e-03
87            	3.427382e-03	2.825470e-02	9.483170e-03	1.815781e-02	1.023353e-02	4.273386e-03
88            	3.394229e-03	2.729266e-02	9.524056e-03	1.789595e-02	1.019438e-02	4.219989e-03
89            	3.364759e-03	2.631187e-02	9.559469e-03	1.818074e-02	1.014372e-02	4.181588e-03
90            	3.339072e-03	2.537405e-02	9.604418e-03	1.829589e-02	1.009003e-02	4.140115e-03
91            	3.312950e-03	2.459107e-02	9.645305e-03	1.886669e-02	1.003832e-02	4.106561e-03
92            	3.287243e-03	2.397509e-02	9.698372e-03	1.932260e-02	9.990426e-03	4.078626e-03
93            	3.260376e-03	2.350742e-02	9.777085e-03	2.032605e-02	9.949437e-03	4.047203e-03
94            	3.239189e-03	2.324656e-02	9.907618e-03	2.087473e-02	9.897915e-03	4.105297e-03
95            	3.216245e-03	2.302719e-02	1.003833e-02	2.167371e-02	9.840468e-03	4.145041e-03
96            	3.198555e-03	2.310783e-02	1.013345e-02	2.201075e-02	9.767715e-03	4.154467e-03
97            	3.137304e-03	2.296430e-02	1.041899e-02	2.161173e-02	9.699739e-03	4.173882e-03
98            	3.127386e-03	2.270540e-02	1.051207e-02	2.173130e-02	9.620835e-03	4.179084e-03
99            	3.139529e-03	2.256778e-02	1.047638e-02	2.220467e-02	9.527927e-03	4.179319e-03
100           	3.141419e-03	2.246293e-02	1.046608e-02	2.246758e-02	9.415431e-03	4.152412e-03
101           	3.076724e-03	2.225688e-02	1.074853e-02	2.170269e-02	9.306504e-03	4.141508e-03
102           	3.045016e-03	2.201465e-02	1.092429e-02	2.129757e-02	9.190693e-03	4.111646e-03
103           	3.035521e-03	2.196378e-02	1.096052e-02	2.118132e-02	9.067540e-03	4.078377e-03
104           	3.035119e-03	2.194359e-02	1.093429e-02	2.185789e-02	8.907904e-03	4.021536e-03
105           	2.981260e-03	2.175996e-02	1.110708e-02	2.240554e-02	8.730451e-03	3.942512e-03
106           	2.919403e-03	2.150069e-02	1.135663e-02	2.250656e-02	8.559396e-03	3.883353e-03
107           	2.922373e-03	2.132481e-02	1.133386e-02	2.306644e-02	8.371836e-03	3.808447e-03
108           	2.938309e-03	2.129035e-02	1.121384e-02	2.388537e-02	8.184282e-03	3.743729e-03
109           	2.906187e-03	2.120799e-02	1.128461e-02	2.393809e-02	7.981612e-03	3.685471e-03
110           	2.838642e-03	2.103843e-02	1.152272e-02	2.352225e-02	7.771031e-03	3.615437e-03
111           	2.790395e-03	2.100488e-02	1.167625e-02	2.350967e-02	7.552722e-03	3.546328e-03
112           	2.805469e-03	2.122109e-02	1.150868e-02	2.423930e-02	7.330899e-03	3.481383e-03
113           	2.792538e-03	2.140522e-02	1.146209e-02	2.517282e-02	7.122211e-03	3.414496e-03
114           	2.752259e-03	2.117560e-02	1.149751e-02	2.497237e-02	6.892579e-03	3.369170e-03
115           	2.717362e-03	2.082957e-02	1.151964e-02	2.370885e-02	6.650827e-03	3.312818e-03
116           	2.703161e-03	2.056708e-02	1.155059e-02	2.253850e-02	6.405853e-03	3.299848e-03
117           	2.692142e-03	2.056670e-02	1.158735e-02	2.287722e-02	6.174364e-03	3.226809e-03
118           	2.691608e-03	2.124678e-02	1.172516e-02	2.164736e-02	5.946984e-03	3.196233e-03
119           	2.674251e-03	2.102417e-02	1.179134e-02	2.145397e-02	5.726960e-03	3.114902e-03
120           	2.668233e-03	2.182481e-02	1.190415e-02	2.127399e-02	5.515245e-03	3.077697e-03
121           	2.644751e-03	2.165786e-02	1.182365e-02	2.161007e-02	5.300664e-03	3.014261e-03
122           	2.625325e-03	2.216238e-02	1.175898e-02	2.134326e-02	5.108218e-03	2.965963e-03
123           	2.609717e-03	2.175476e-02	1.167346e-02	2.116713e-02	4.907813e-03	2.939970e-03
124           	2.585918e-03	2.159705e-02	1.157851e-02	2.057135e-02	4.738181e-03	2.865975e-03
125           	2.581412e-03	2.124030e-02	1.154065e-02	2.032476e-02	4.563636e-03	2.851455e-03
126           	2.567087e-03	2.113028e-02	1.153126e-02	1.941591e-02	4.428001e-03	2.815037e-03
127           	2.546303e-03	2.086876e-02	1.153992e-02	1.917762e-02	4.260543e-03	2.767403e-03
128           	2.533196e-03	2.009042e-02	1.159186e-02	1.906421e-02	4.129898e-03	2.726952e-03
129           	2.519231e-03	1.971858e-02	1.155855e-02	1.875572e-02	3.978849e-03	2.669545e-03
130           	2.516521e-03	1.962745e-02	1.156454e-02	1.820341e-02	3.870710e-03	2.670731e-03
131           	2.517792e-03	1.971097e-02	1.160054e-02	1.759687e-02	3.734450e-03	2.607755e-03
132           	2.519169e-03	1.959037e-02	1.162156e-02	1.684965e-02	3.631250e-03	2.604529e-03
133           	2.502340e-03	1.926416e-02	1.156840e-02	1.588928e-02	3.505782e-03	2.527743e-03
134           	2.501979e-03	1.878034e-02	1.156263e-02	1.581241e-02	3.419412e-03	2.515317e-03
135           	2.505315e-03	1.853166e-02	1.162783e-02	1.544433e-02	3.294009e-03	2.429022e-03
136           	2.522310e-03	1.826391e-02	1.170833e-02	1.556368e-02	3.208871e-03	2.403075e-03
137           	2.511492e-03	1.810720e-02	1.179039e-02	1.540766e-02	3.099793e-03	2.336535e-03
138           	2.504555e-03	1.781694e-02	1.183882e-02	1.501028e-02	3.022439e-03	2.318808e-03
139           	2.496740e-03	1.748709e-02	1.191102e-02	1.489680e-02	2.928321e-03	2.263923e-03
140           	2.485916e-03	1.723614e-02	1.194661e-02	1.470965e-02	2.857886e-03	2.266162e-03
141           	2.475271e-03	1.714833e-02	1.196351e-02	1.433083e-02	2.777242e-03	2.232479e-03
142           	2.458084e-03	1.696047e-02	1.198818e-02	1.391888e-02	2.723461e-03	2.280086e-03
143           	2.443723e-03	1.668318e-02	1.199856e-02	1.365868e-02	2.667919e-03	2.279713e-03
144           	2.430283e-03	1.645362e-02	1.203514e-02	1.353043e-02	2.629374e-03	2.334257e-03
145           	2.420854e-03	1.619953e-02	1.202620e-02	1.333583e-02	2.590010e-03	2.339196e-03
146           	2.402050e-03	1.608854e-02	1.207951e-02	1.273441e-02	2.568611e-03	2.383158e-03
147           	2.390908e-03	1.600754e-02	1.207221e-02	1.270233e-02	2.543547e-03	2.399132e-03
148           	2.371083e-03	1.591714e-02	1.208114e-02	1.226340e-02	2.530339e-03	2.426977e-03
149           	2.359117e-03	1.570958e-02	1.203492e-02	1.192538e-02	2.522835e-03	2.442628e-03
150           	2.345733e-03	1.550588e-02	1.203369e-02	1.137738e-02	2.526728e-03	2.505191e-03
151           	2.335614e-03	1.539516e-02	1.199077e-02	1.101045e-02	2.531847e-03	2.514157e-03
152           	2.323610e-03	1.513751e-02	1.197842e-02	1.068034e-02	2.543921e-03	2.567682e-03
153           	2.322159e-03	1.495782e-02	1.194596e-02	1.065283e-02	2.555944e-03	2.589092e-03
154           	2.310228e-03	1.468594e-02	1.193277e-02	1.025539e-02	2.566578e-03	2.622219e-03
155           	2.310776e-03	1.454739e-02	1.190930e-02	1.028071e-02	2.584263e-03	2.626512e-03
156           	2.302673e-03	1.439585e-02	1.189150e-02	9.768985e-03	2.600627e-03	2.659308e-03
157           	2.315712e-03	1.434090e-02	1.188709e-02	9.860944e-03	2.619301e-03	2.665290e-03
158           	2.329363e-03	1.435014e-02	1.193757e-02	9.822195e-03	2.632656e-03	2.685664e-03
159           	2.358048e-03	1.445127e-02	1.189698e-02	1.001502e-02	2.648646e-03	2.688146e-03
160           	2.376703e-03	1.456399e-02	1.192712e-02	1.008308e-02	2.673688e-03	2.720894e-03
161           	2.410852e-03	1.477202e-02	1.196036e-02	1.009813e-02	2.691612e-03	2.713718e-03
162           	2.436661e-03	1.496192e-02	1.198680e-02	1.047516e-02	2.719506e-03	2.757845e-03
163           	2.466027e-03	1.525796e-02	1.202046e-02	1.041291e-02	2.736007e-03	2.759501e-03
164           	2.475880e-03	1.560263e-02	1.206933e-02	1.060342e-02	2.749492e-03	2.780098e-03
165           	2.479851e-03	1.609049e-02	1.206715e-02	1.045731e-02	2.763661e-03	2.770486e-03
166           	2.472058e-03	1.673713e-02	1.205523e-02	1.062077e-02	2.784516e-03	2.783856e-03
167           	2.449569e-03	1.738058e-02	1.197113e-02	1.037635e-02	2.800073e-03	2.777771e-03
168           	2.437388e-03	1.792715e-02	1.191642e-02	1.038710e-02	2.819807e-03	2.779157e-03
169           	2.417767e-03	1.805350e-02	1.188238e-02	9.826049e-03	2.836963e-03	2.778504e-03
170           	2.398525e-03	1.801231e-02	1.180307e-02	9.662744e-03	2.857286e-03	2.775156e-03
171           	2.372420e-03	1.789978e-02	1.171040e-02	9.328443e-03	2.876530e-03	2.785457e-03
172           	2.356021e-03	1.782913e-02	1.165702e-02	9.077632e-03	2.898879e-03	2.781324e-03
173           	2.332554e-03	1.764384e-02	1.150226e-02	8.610240e-03	2.916423e-03	2.761554e-03
174           	2.314439e-03	1.733988e-02	1.138186e-02	8.396707e-03	2.931057e-03	2.758327e-03
175           	2.294120e-03	1.696804e-02	1.123547e-02	8.070814e-03	2.949050e-03	2.745897e-03
176           	2.281878e-03	1.673741e-02	1.114745e-02	8.009630e-03	2.966571e-03	2.734684e-03
177           	2.259041e-03	1.656224e-02	1.100402e-02	7.786347e-03	2.974016e-03	2.718013e-03
178           	2.245400e-03	1.633889e-02	1.090641e-02	7.727367e-03	2.984108e-03	2.720606e-03
179           	2.222723e-03	1.613887e-02	1.072178e-02	7.431721e-03	2.983771e-03	2.683289e-03
180           	2.203132e-03	1.587150e-02	1.044259e-02	7.261023e-03	2.985293e-03	2.671778e-03
181           	2.173014e-03	1.570448e-02	1.013356e-02	7.037113e-03	2.988972e-03	2.650349e-03
182           	2.148989e-03	1.551629e-02	9.957772e-03	6.923334e-03	2.991109e-03	2.645826e-03
183           	2.122315e-03	1.541997e-02	9.814558e-03	6.807953e-03	2.988804e-03	2.615602e-03
184           	2.096953e-03	1.530960e-02	9.774258e-03	6.865987e-03	2.987104e-03	2.608004e-03
185           	2.072084e-03	1.551011e-02	9.536852e-03	6.795491e-03	2.980949e-03	2.588441e-03
186           	2.055518e-03	1.550792e-02	9.292330e-03	6.580065e-03	2.984256e-03	2.588405e-03
187           	2.019581e-03	1.541151e-02	9.183473e-03	6.417926e-03	2.969426e-03	2.579039e-03
188           	1.990390e-03	1.522549e-02	9.085101e-03	6.361406e-03	2.967235e-03	2.580116e-03
189           	1.950871e-03	1.516131e-02	8.903878e-03	6.343924e-03	2.951305e-03	2.561133e-03
190           	1.920330e-03	1.497405e-02	8.753979e-03	6.375931e-03	2.944264e-03	2.544695e-03
191           	1.885481e-03	1.478230e-02	8.533916e-03	6.282105e-03	2.926502e-03	2.522384e-03
192           	1.858395e-03	1.469115e-02	8.418033e-03	6.350316e-03	2.919105e-03	2.497341e-03
193           	1.821840e-03	1.472184e-02	8.300179e-03	6.367208e-03	2.905502e-03	2.470772e-03
194           	1.791085e-03	1.454440e-02	8.221663e-03	6.398011e-03	2.894739e-03	2.448809e-03
195           	1.753170e-03	1.446311e-02	8.053596e-03	6.397003e-03	2.884210e-03	2.421937e-03
196           	1.725543e-03	1.435073e-02	7.981062e-03	6.426811e-03	2.873433e-03	2.395177e-03
197           	1.691534e-03	1.441602e-02	7.841540e-03	6.510936e-03	2.857531e-03	2.369322e-03
198           	1.662180e-03	1.436812e-02	7.778105e-03	6.707714e-03	2.840683e-03	2.345705e-03
199           	1.628894e-03	1.440663e-02	7.691288e-03	6.613539e-03	2.820801e-03	2.320405e-03
200           	1.598814e-03	1.432588e-02	7.676961e-03	6.739618e-03	2.801298e-03	2.291568e-03
201           	1.568662e-03	1.453794e-02	7.569926e-03	6.864639e-03	2.778789e-03	2.270294e-03
202           	1.536685e-03	1.465190e-02	7.454241e-03	6.997075e-03	2.757785e-03	2.241915e-03
203           	1.493200e-03	1.483038e-02	7.295974e-03	6.846322e-03	2.727717e-03	2.221251e-03
204           	1.457316e-03	1.499446e-02	7.194541e-03	6.848135e-03	2.698180e-03	2.212021e-03
205           	1.417669e-03	1.523779e-02	7.104413e-03	6.649288e-03	2.665825e-03	2.167848e-03
206           	1.378090e-03	1.507381e-02	6.976024e-03	6.531722e-03	2.625939e-03	2.139774e-03
207           	1.342427e-03	1.497183e-02	6.838212e-03	6.407851e-03	2.576529e-03	2.116038e-03
208           	1.317399e-03	1.496172e-02	6.783006e-03	6.607787e-03	2.532558e-03	2.089700e-03
209           	1.295642e-03	1.531020e-02	6.665696e-03	6.452426e-03	2.488355e-03	2.061003e-03
210           	1.263815e-03	1.545645e-02	6.579480e-03	6.382102e-03	2.446635e-03	2.033493e-03
211           	1.229234e-03	1.552852e-02	6.483535e-03	6.213086e-03	2.403549e-03	2.001603e-03
212           	1.188525e-03	1.509958e-02	6.412817e-03	6.256040e-03	2.362373e-03	1.980040e-03
213           	1.154575e-03	1.479939e-02	6.325478e-03	6.229059e-03	2.326871e-03	1.951118e-03
214           	1.121644e-03	1.471139e-02	6.277467e-03	6.353154e-03	2.285230e-03	1.924535e-03
215           	1.088201e-03	1.501583e-02	6.178300e-03	6.234091e-03	2.248440e-03	1.894326e-03
216           	1.054071e-03	1.530279e-02	6.136499e-03	6.267675e-03	2.217893e-03	1.871753e-03
217           	1.020032e-03	1.589957e-02	6.047144e-03	6.055780e-03	2.189666e-03	1.850994e-03
218           	9.718643e-04	1.587175e-02	5.963388e-03	5.943520e-03	2.161022e-03	1.838271e-03
219           	9.349209e-04	1.596244e-02	5.873099e-03	5.873278e-03	2.140309e-03	1.818876e-03
220           	8.995242e-04	1.604267e-02	5.841168e-03	5.784869e-03	2.115210e-03	1.806760e-03
221           	8.689566e-04	1.631195e-02	5.808421e-03	5.702801e-03	2.095523e-03	1.795474e-03
222           	8.353541e-04	1.635171e-02	5.748071e-03	5.519210e-03	2.078604e-03	1.779132e-03
223           	8.065902e-04	1.651754e-02	5.661906e-03	5.334751e-03	2.061495e-03	1.772762e-03
224           	7.789697e-04	1.609870e-02	5.596158e-03	5.169306e-03	2.035526e-03	1.791436e-03
225           	7.550863e-04	1.595910e-02	5.547231e-03	5.159581e-03	2.013176e-03	1.784477e-03
226           	7.333702e-04	1.554416e-02	5.532717e-03	5.163457e-03	1.982817e-03	1.791779e-03
227           	7.137970e-04	1.532939e-02	5.452786e-03	5.101627e-03	1.961746e-03	1.787112e-03
228           	6.953903e-04	1.526857e-02	5.452589e-03	5.121322e-03	1.924923e-03	1.797740e-03
229           	6.746844e-04	1.537369e-02	5.368080e-03	5.019690e-03	1.902219e-03	1.788040e-03
230           	6.614970e-04	1.524841e-02	5.327460e-03	4.995135e-03	1.861855e-03	1.805915e-03
231           	6.492131e-04	1.540154e-02	5.264177e-03	5.008078e-03	1.839506e-03	1.788412e-03
232           	6.422960e-04	1.539345e-02	5.263700e-03	5.060167e-03	1.800533e-03	1.801590e-03
233           	6.354134e-04	1.572130e-02	5.250741e-03	5.158603e-03	1.779928e-03	1.793472e-03
234           	6.303414e-04	1.586265e-02	5.228000e-03	5.195109e-03	1.745503e-03	1.906361e-03
235           	6.185211e-04	1.648373e-02	5.148255e-03	5.252281e-03	1.723284e-03	1.843405e-03
236           	6.115215e-04	1.668493e-02	5.112078e-03	5.087844e-03	1.703257e-03	1.891366e-03
237           	6.056391e-04	1.714287e-02	5.057821e-03	5.249482e-03	1.689501e-03	1.892686e-03
238           	6.023078e-04	1.711657e-02	4.996596e-03	5.196943e-03	1.663211e-03	1.923803e-03
239           	5.961686e-04	1.715780e-02	4.905284e-03	5.339413e-03	1.643100e-03	1.915246e-03
240           	5.971065e-04	1.706067e-02	4.838362e-03	5.328743e-03	1.619651e-03	1.962689e-03
241           	5.959781e-04	1.740288e-02	4.793388e-03	5.327292e-03	1.598046e-03	1.948739e-03
242           	5.995092e-04	1.758973e-02	4.793213e-03	5.379977e-03	1.580168e-03	1.933446e-03
243           	5.976849e-04	1.792043e-02	4.740187e-03	5.288634e-03	1.573801e-03	1.906513e-03
244           	5.998409e-04	1.788734e-02	4.683329e-03	5.362370e-03	1.558889e-03	2.019957e-03
245           	6.015993e-04	1.786530e-02	4.601464e-03	5.405175e-03	1.550811e-03	2.035585e-03
246           	6.030097e-04	1.781386e-02	4.680682e-03	5.455041e-03	1.547706e-03	2.117617e-03
247           	6.078173e-04	1.823358e-02	4.717206e-03	5.483167e-03	1.543236e-03	2.139863e-03
248           	6.124039e-04	1.828252e-02	4.773036e-03	5.547724e-03	1.538130e-03	2.207045e-03
249           	6.150246e-04	1.863050e-02	4.713977e-03	5.633028e-03	1.535927e-03	2.216749e-03
250           	6.106745e-04	1.846472e-02	4.675353e-03	5.665283e-03	1.533476e-03	2.260915e-03
251           	6.060463e-04	1.846197e-02	4.569851e-03	5.365008e-03	1.529869e-03	2.265880e-03
252           	5.992605e-04	1.820636e-02	4.497397e-03	5.480383e-03	1.522495e-03	2.294011e-03
253           	5.952051e-04	1.823089e-02	4.458813e-03	5.248325e-03	1.517938e-03	2.294267e-03
254           	5.932297e-04	1.803233e-02	4.524599e-03	5.342703e-03	1.510528e-03	2.302093e-03
255           	5.938662e-04	1.804301e-02	4.488861e-03	5.232252e-03	1.497799e-03	2.306561e-03
256           	5.965390e-04	1.803747e-02	4.497858e-03	5.368906e-03	1.492010e-03	2.313485e-03
257           	5.940253e-04	1.807908e-02	4.431567e-03	5.255886e-03	1.483146e-03	2.307988e-03
258           	5.850374e-04	1.783121e-02	4.404653e-03	5.194161e-03	1.466798e-03	2.329775e-03
259           	5.822183e-04	1.782674e-02	4.378562e-03	5.139311e-03	1.452522e-03	2.317310e-03
260           	5.785176e-04	1.774022e-02	4.412096e-03	5.211060e-03	1.444000e-03	2.319554e-03
261           	5.787154e-04	1.793332e-02	4.412955e-03	5.044775e-03	1.428254e-03	2.284460e-03
262           	5.734859e-04	1.791077e-02	4.417933e-03	5.324051e-03	1.420187e-03	2.283249e-03
263           	5.680930e-04	1.802741e-02	4.382146e-03	5.258437e-03	1.411388e-03	2.258897e-03
264           	5.590016e-04	1.808778e-02	4.366211e-03	5.137674e-03	1.404548e-03	2.238774e-03
265           	5.530989e-04	1.818094e-02	4.295525e-03	5.212390e-03	1.401719e-03	2.226737e-03
266           	5.489842e-04	1.807752e-02	4.317954e-03	5.153374e-03	1.394556e-03	2.216120e-03
267           	5.469905e-04	1.791323e-02	4.292510e-03	5.056189e-03	1.386424e-03	2.208874e-03
268           	5.436394e-04	1.765179e-02	4.303642e-03	5.160310e-03	1.376582e-03	2.205386e-03
269           	5.395031e-04	1.753097e-02	4.259033e-03	5.048706e-03	1.360419e-03	2.187741e-03
270           	5.319454e-04	1.741811e-02	4.260814e-03	4.904416e-03	1.335138e-03	2.167127e-03
271           	5.277533e-04	1.738255e-02	4.206139e-03	4.855802e-03	1.325553e-03	2.127638e-03
272           	5.213922e-04	1.712944e-02	4.189426e-03	4.784438e-03	1.311454e-03	2.140952e-03
273           	5.181429e-04	1.728072e-02	4.160621e-03	4.900177e-03	1.296373e-03	2.250848e-03
274           	5.115796e-04	1.719077e-02	4.155787e-03	4.737944e-03	1.319358e-03	2.166136e-03
275           	5.076083e-04	1.724588e-02	4.113293e-03	4.876882e-03	1.275592e-03	2.176016e-03
276           	5.010174e-04	1.709879e-02	4.081880e-03	4.598096e-03	1.276128e-03	2.139613e-03
277           	4.965834e-04	1.701965e-02	4.035957e-03	4.785441e-03	1.297865e-03	2.128125e-03
278           	4.937140e-04	1.679574e-02	4.038745e-03	4.596246e-03	1.245237e-03	2.131423e-03
279           	4.879858e-04	1.675029e-02	3.991641e-03	4.611288e-03	1.268323e-03	2.141656e-03
280           	4.833342e-04	1.669731e-02	3.965867e-03	4.603963e-03	1.178756e-03	2.125929e-03
281           	4.806758e-04	1.682019e-02	3.935904e-03	4.687075e-03	1.232166e-03	2.135907e-03
282           	4.770907e-04	1.662929e-02	3.920773e-03	4.489172e-03	1.177425e-03	2.118366e-03
283           	4.717035e-04	1.689138e-02	3.874672e-03	4.507637e-03	1.108255e-03	2.104450e-03
284           	4.630051e-04	1.667212e-02	3.856435e-03	4.435558e-03	1.152353e-03	2.101502e-03
285           	4.603146e-04	1.708190e-02	3.826133e-03	4.349207e-03	1.112248e-03	2.092770e-03
286           	4.574036e-04	1.710079e-02	3.795344e-03	4.451962e-03	1.071204e-03	2.070548e-03
287           	4.528474e-04	1.737433e-02	3.747755e-03	4.382110e-03	1.098732e-03	2.042029e-03
288           	4.469549e-04	1.719278e-02	3.723428e-03	4.304300e-03	1.087242e-03	2.044765e-03
289           	4.430271e-04	1.744463e-02	3.670356e-03	4.337566e-03	1.111114e-03	2.029270e-03
290           	4.406409e-04	1.735087e-02	3.655225e-03	4.298379e-03	1.107489e-03	2.035453e-03
291           	4.343621e-04	1.777406e-02	3.578465e-03	4.225823e-03	1.085075e-03	1.996408e-03
292           	4.288532e-04	1.780158e-02	3.560784e-03	4.216942e-03	1.091514e-03	1.989908e-03
293           	4.268845e-04	1.817721e-02	3.511353e-03	4.274332e-03	1.099837e-03	1.975947e-03
294           	4.214165e-04	1.817863e-02	3.480251e-03	4.126030e-03	1.085215e-03	1.945852e-03
295           	4.147383e-04	1.849464e-02	3.409899e-03	4.142775e-03	1.115664e-03	1.906572e-03
296           	4.131713e-04	1.841189e-02	3.399839e-03	4.149236e-03	1.099733e-03	1.848870e-03
297           	4.116998e-04	1.878015e-02	3.356139e-03	4.205720e-03	1.125093e-03	1.888522e-03
298           	4.085383e-04	1.892187e-02	3.321551e-03	4.130826e-03	1.103572e-03	1.816224e-03
299           	4.031605e-04	1.935414e-02	3.240302e-03	4.083773e-03	1.128788e-03	1.859091e-03
300           	3.995286e-04	1.939802e-02	3.210240e-03	4.060518e-03	1.114627e-03	1.800859e-03
301           	3.983476e-04	1.976211e-02	3.158074e-03	4.023792e-03	1.102383e-03	1.825435e-03
302           	3.952248e-04	1.975603e-02	3.138453e-03	3.981399e-03	1.104662e-03	1.772186e-03
303           	3.926491e-04	2.010894e-02	3.071313e-03	3.888628e-03	1.095876e-03	1.827159e-03
304           	3.892089e-04	2.011151e-02	3.048275e-03	3.865956e-03	1.096811e-03	1.801315e-03
305           	3.879334e-04	2.024932e-02	2.967898e-03	3.735597e-03	1.057701e-03	1.767532e-03
306           	3.862589e-04	2.029166e-02	2.955120e-03	3.781234e-03	1.079580e-03	1.765081e-03
307           	3.841996e-04	2.053112e-02	2.882522e-03	3.669209e-03	1.029900e-03	1.739005e-03
308           	3.803392e-04	2.037893e-02	2.848131e-03	3.625999e-03	1.060560e-03	1.744088e-03
309           	3.819813e-04	2.048500e-02	2.788541e-03	3.586176e-03	1.027220e-03	1.731081e-03
310           	3.803376e-04	2.032669e-02	2.779891e-03	3.631664e-03	1.051954e-03	1.730315e-03
311           	3.785693e-04	2.040894e-02	2.681292e-03	3.476697e-03	1.077523e-03	1.727561e-03
312           	3.755585e-04	2.037448e-02	2.654507e-03	3.546334e-03	1.072320e-03	1.722334e-03
313           	3.726370e-04	2.075072e-02	2.575417e-03	3.403951e-03	1.018280e-03	1.666456e-03
314           	3.687898e-04	2.070863e-02	2.540248e-03	3.349646e-03	1.040054e-03	1.681577e-03
315           	3.679948e-04	2.108197e-02	2.478048e-03	3.408862e-03	1.064790e-03	1.733112e-03
316           	3.680100e-04	2.096879e-02	2.475366e-03	3.421193e-03	1.066929e-03	1.714414e-03
317           	3.655387e-04	2.110637e-02	2.392759e-03	3.311562e-03	1.074645e-03	1.789332e-03
318           	3.667669e-04	2.077316e-02	2.378727e-03	3.381608e-03	1.082890e-03	1.740458e-03
319           	3.619577e-04	2.093787e-02	2.305401e-03	3.261026e-03	1.096084e-03	1.800821e-03
320           	3.584853e-04	2.075412e-02	2.265116e-03	3.236877e-03	1.095025e-03	1.753291e-03
321           	3.530373e-04	2.104764e-02	2.220997e-03	3.234360e-03	1.099004e-03	1.786592e-03
322           	3.536285e-04	2.080312e-02	2.207442e-03	3.322280e-03	1.107606e-03	1.816176e-03
323           	3.489698e-04	2.075045e-02	2.147702e-03	3.250486e-03	1.105432e-03	1.808938e-03
324           	3.498297e-04	2.048918e-02	2.131978e-03	3.292780e-03	1.110037e-03	1.829865e-03
325           	3.442339e-04	2.082911e-02	2.084428e-03	3.176536e-03	1.111381e-03	1.809445e-03
326           	3.429590e-04	2.068659e-02	2.069548e-03	3.217871e-03	1.120999e-03	1.824031e-03
327           	3.378384e-04	2.091782e-02	2.028657e-03	3.159611e-03	1.120415e-03	1.810065e-03
328           	3.366854e-04	2.058711e-02	2.009321e-03	3.168598e-03	1.117645e-03	1.753294e-03
329           	3.324195e-04	2.065722e-02	1.972354e-03	3.129100e-03	1.117465e-03	1.775088e-03
330           	3.320655e-04	2.049765e-02	1.958639e-03	3.147719e-03	1.113902e-03	1.737369e-03
331           	3.257210e-04	2.062767e-02	1.908028e-03	3.093658e-03	1.108590e-03	1.770515e-03
332           	3.229924e-04	2.018231e-02	1.874314e-03	3.082435e-03	1.099168e-03	1.716660e-03
333           	3.181616e-04	2.022134e-02	1.849820e-03	3.031180e-03	1.098125e-03	1.754731e-03
334           	3.179032e-04	1.983051e-02	1.849194e-03	3.137992e-03	1.093245e-03	1.686218e-03
335           	3.122442e-04	1.993846e-02	1.803110e-03	3.097335e-03	1.085359e-03	1.713203e-03
336           	3.101834e-04	1.986346e-02	1.791973e-03	3.123452e-03	1.078111e-03	1.647933e-03
337           	3.074575e-04	2.015301e-02	1.792863e-03	3.103538e-03	1.072957e-03	1.696131e-03
338           	3.033765e-04	1.985417e-02	1.800257e-03	3.091337e-03	1.071098e-03	1.603018e-03
339           	2.971456e-04	1.994258e-02	1.762464e-03	3.096756e-03	1.061217e-03	1.655330e-03
340           	2.944378e-04	1.962665e-02	1.766141e-03	3.166624e-03	1.052800e-03	1.572226e-03
341           	2.934372e-04	1.954743e-02	1.776536e-03	3.133952e-03	1.048090e-03	1.621139e-03
342           	2.922687e-04	1.924171e-02	1.806598e-03	3.185023e-03	1.048017e-03	1.559638e-03
343           	2.898975e-04	1.944232e-02	1.772810e-03	3.168673e-03	1.035687e-03	1.598253e-03
344           	2.844971e-04	1.923895e-02	1.779954e-03	3.145915e-03	1.025893e-03	1.494272e-03
345           	2.837026e-04	1.938934e-02	1.749064e-03	3.145573e-03	1.018342e-03	1.536490e-03
346           	2.800043e-04	1.915680e-02	1.807195e-03	3.214678e-03	1.018445e-03	1.506431e-03
347           	2.780204e-04	1.911312e-02	1.775245e-03	3.166193e-03	1.007251e-03	1.460259e-03
348           	2.741312e-04	1.891591e-02	1.811343e-03	3.234647e-03	9.947569e-04	1.433173e-03
349           	2.740623e-04	1.908216e-02	1.812257e-03	3.213731e-03	1.001948e-03	1.405984e-03
350           	2.702653e-04	1.867060e-02	1.859267e-03	3.269925e-03	9.966856e-04	1.372367e-03
351           	2.693577e-04	1.872038e-02	1.841499e-03	3.241943e-03	9.955774e-04	1.340260e-03
352           	2.656692e-04	1.842998e-02	1.870090e-03	3.328691e-03	9.699618e-04	1.309197e-03
353           	2.650695e-04	1.861808e-02	1.870402e-03	3.291689e-03	9.802964e-04	1.286478e-03
354           	2.619404e-04	1.845835e-02	1.917235e-03	3.350180e-03	9.665191e-04	1.255257e-03
355           	2.623684e-04	1.871765e-02	1.916594e-03	3.368056e-03	9.675680e-04	1.276286e-03
356           	2.618685e-04	1.855770e-02	1.967733e-03	3.324026e-03	9.287459e-04	1.227461e-03
357           	2.606423e-04	1.875136e-02	1.951667e-03	3.426243e-03	9.457865e-04	1.245777e-03
358           	2.577006e-04	1.883708e-02	1.986707e-03	3.466758e-03	9.349626e-04	1.216319e-03
359           	2.584419e-04	1.935030e-02	1.981539e-03	3.407332e-03	9.375312e-04	1.239265e-03
360           	2.549916e-04	1.941481e-02	1.995482e-03	3.416313e-03	8.978102e-04	1.208291e-03
361           	2.539694e-04	1.961941e-02	1.995931e-03	3.406171e-03	9.435681e-04	1.246810e-03
362           	2.513809e-04	1.936896e-02	2.012494e-03	3.398020e-03	9.388850e-04	1.238745e-03
363           	2.517057e-04	1.923392e-02	2.016035e-03	3.398981e-03	9.148643e-04	1.284060e-03
364           	2.493022e-04	1.889396e-02	2.033059e-03	3.464249e-03	8.998101e-04	1.269296e-03
365           	2.489160e-04	1.888499e-02	2.026207e-03	3.472307e-03	9.244101e-04	1.320142e-03
366           	2.471645e-04	1.870299e-02	2.051001e-03	3.501139e-03	9.172592e-04	1.308931e-03
367           	2.458876e-04	1.903474e-02	2.033437e-03	3.467978e-03	9.192895e-04	1.363368e-03
368           	2.445698e-04	1.891748e-02	2.054251e-03	3.458572e-03	9.086407e-04	1.420840e-03
369           	2.448777e-04	1.915278e-02	2.067364e-03	3.414475e-03	9.095738e-04	1.435514e-03
370           	2.444177e-04	1.906455e-02	2.091995e-03	3.460120e-03	9.093470e-04	1.401604e-03
371           	2.443086e-04	1.915804e-02	2.080118e-03	3.441246e-03	8.954863e-04	1.440316e-03
372           	2.461556e-04	1.889996e-02	2.111144e-03	3.503961e-03	8.855446e-04	1.494595e-03
373           	2.465216e-04	1.894160e-02	2.090724e-03	3.473465e-03	8.785882e-04	1.494628e-03
374           	2.489527e-04	1.850368e-02	2.132801e-03	3.570712e-03	8.871632e-04	1.531485e-03
375           	2.469764e-04	1.872253e-02	2.099728e-03	3.502945e-03	8.576975e-04	1.524674e-03
376           	2.477823e-04	1.867306e-02	2.125414e-03	3.587866e-03	8.505420e-04	1.556187e-03
377           	2.469325e-04	1.880555e-02	2.090404e-03	3.472318e-03	8.312373e-04	1.549695e-03
378           	2.478553e-04	1.869767e-02	2.107180e-03	3.537612e-03	7.862081e-04	1.558965e-03
379           	2.484117e-04	1.869363e-02	2.070904e-03	3.489553e-03	7.843377e-04	1.550179e-03
380           	2.488310e-04	1.854201e-02	2.115021e-03	3.531064e-03	7.758808e-04	1.563669e-03
381           	2.473772e-04	1.828383e-02	2.087234e-03	3.487045e-03	7.720690e-04	1.486688e-03
382           	2.461175e-04	1.789015e-02	2.115115e-03	3.547758e-03	7.706956e-04	1.458467e-03
383           	2.467487e-04	1.764267e-02	2.071264e-03	3.531339e-03	7.611157e-04	1.446616e-03
384           	2.487402e-04	1.738901e-02	2.109581e-03	3.528151e-03	7.178376e-04	1.426369e-03
385           	2.471218e-04	1.743561e-02	2.054179e-03	3.447114e-03	7.107116e-04	1.395972e-03
386           	2.478846e-04	1.731288e-02	2.073483e-03	3.515613e-03	7.708940e-04	1.399379e-03
387           	2.481392e-04	1.742191e-02	2.034114e-03	3.451551e-03	7.514531e-04	1.341804e-03
388           	2.491755e-04	1.737864e-02	2.068740e-03	3.527330e-03	7.537411e-04	1.341322e-03
389           	2.492254e-04	1.734397e-02	2.024170e-03	3.561833e-03	7.593855e-04	1.339047e-03
390           	2.497533e-04	1.720438e-02	2.082906e-03	3.649529e-03	7.859922e-04	1.312211e-03
391           	2.510950e-04	1.711406e-02	2.036468e-03	3.592808e-03	7.933493e-04	1.320518e-03
392           	2.509321e-04	1.684295e-02	2.066518e-03	3.592155e-03	7.794940e-04	1.305192e-03
393           	2.539194e-04	1.679600e-02	2.017287e-03	3.572025e-03	7.858185e-04	1.326175e-03
394           	2.532051e-04	1.674385e-02	2.051971e-03	3.665340e-03	8.008494e-04	1.304007e-03
395           	2.532928e-04	1.684597e-02	2.015480e-03	3.633546e-03	8.099255e-04	1.342204e-03
396           	2.524155e-04	1.694556e-02	2.043521e-03	3.642577e-03	7.762117e-04	1.317597e-03
397           	2.532238e-04	1.710502e-02	2.007570e-03	3.589333e-03	7.920387e-04	1.338708e-03
398           	2.593328e-04	1.708929e-02	2.043854e-03	3.688569e-03	7.947745e-04	1.391471e-03
399           	2.590831e-04	1.725704e-02	1.999313e-03	3.633094e-03	7.883639e-04	1.350926e-03
400           	2.574642e-04	1.741817e-02	2.018440e-03	3.682034e-03	7.632160e-04	1.365568e-03
401           	2.534641e-04	1.746368e-02	1.959429e-03	3.550657e-03	7.701281e-04	1.359607e-03
402           	2.519731e-04	1.744294e-02	1.986658e-03	3.686560e-03	7.846904e-04	1.386986e-03
403           	2.517963e-04	1.757453e-02	1.936865e-03	3.579271e-03	7.773383e-04	1.380953e-03
404           	2.516043e-04	1.739084e-02	1.955051e-03	3.645052e-03	7.595124e-04	1.384158e-03
405           	2.521853e-04	1.731896e-02	1.905701e-03	3.546415e-03	7.620408e-04	1.385500e-03
406           	2.513633e-04	1.717287e-02	1.931629e-03	3.682957e-03	7.706116e-04	1.397466e-03
407           	2.509418e-04	1.725803e-02	1.879927e-03	3.570221e-03	7.593052e-04	1.401391e-03
408           	2.501424e-04	1.716905e-02	1.896999e-03	3.623500e-03	7.444202e-04	1.413931e-03
409           	2.493088e-04	1.700667e-02	1.851727e-03	3.515171e-03	7.425676e-04	1.398273e-03
410           	2.505707e-04	1.682612e-02	1.866396e-03	3.590541e-03	7.533802e-04	1.424287e-03
411           	2.489286e-04	1.689177e-02	1.825785e-03	3.470500e-03	7.424049e-04	1.392996e-03
412           	2.497511e-04	1.698636e-02	1.836556e-03	3.610872e-03	7.349075e-04	1.406362e-03
413           	2.490460e-04	1.722079e-02	1.801510e-03	3.497778e-03	7.338007e-04	1.365307e-03
414           	2.508508e-04	1.731392e-02	1.835183e-03	3.618896e-03	7.430062e-04	1.384762e-03
415           	2.485289e-04	1.766731e-02	1.780750e-03	3.464924e-03	7.374580e-04	1.369350e-03
416           	2.501710e-04	1.771402e-02	1.796225e-03	3.516555e-03	7.351954e-04	1.374187e-03
417           	2.485499e-04	1.776079e-02	1.761101e-03	3.433027e-03	7.384796e-04	1.346612e-03
418           	2.485582e-04	1.762389e-02	1.779077e-03	3.573549e-03	7.483132e-04	1.357344e-03
419           	2.476455e-04	1.767407e-02	1.751097e-03	3.474568e-03	7.434229e-04	1.345354e-03
420           	2.483392e-04	1.761006e-02	1.767812e-03	3.545385e-03	7.450580e-04	1.363161e-03
421           	2.467547e-04	1.766014e-02	1.733054e-03	3.496538e-03	7.482955e-04	1.353946e-03
422           	2.478268e-04	1.758561e-02	1.766707e-03	3.521809e-03	7.550053e-04	1.374898e-03
423           	2.461832e-04	1.765738e-02	1.718088e-03	3.439560e-03	7.506874e-04	1.364585e-03
424           	2.455279e-04	1.763409e-02	1.736097e-03	3.562369e-03	7.508587e-04	1.309062e-03
425           	2.443746e-04	1.776804e-02	1.694222e-03	3.455490e-03	7.535853e-04	1.329300e-03
426           	2.437421e-04	1.774085e-02	1.733102e-03	3.530855e-03	7.543433e-04	1.273757e-03
427           	2.408554e-04	1.781334e-02	1.662499e-03	3.433633e-03	7.541163e-04	1.324299e-03
428           	2.411191e-04	1.775381e-02	1.695422e-03	3.478032e-03	7.639971e-04	1.247876e-03
429           	2.396815e-04	1.775315e-02	1.673901e-03	3.432765e-03	7.621346e-04	1.207389e-03
430           	2.408938e-04	1.786214e-02	1.706848e-03	3.578521e-03	7.679807e-04	1.223587e-03
431           	2.393261e-04	1.781765e-02	1.679671e-03	3.409620e-03	7.643053e-04	1.249922e-03
432           	2.388091e-04	1.773764e-02	1.714719e-03	3.501954e-03	7.766763e-04	1.313544e-03
433           	2.381183e-04	1.781128e-02	1.663617e-03	3.379177e-03	7.805331e-04	1.232181e-03
434           	2.361563e-04	1.779293e-02	1.686569e-03	3.428366e-03	7.872298e-04	1.270179e-03
435           	2.353595e-04	1.769384e-02	1.656641e-03	3.362793e-03	7.835969e-04	1.274988e-03
436           	2.335480e-04	1.768422e-02	1.686336e-03	3.417350e-03	7.953602e-04	1.284706e-03
437           	2.331729e-04	1.756745e-02	1.656098e-03	3.307933e-03	7.979018e-04	1.250357e-03
438           	2.302626e-04	1.745785e-02	1.676994e-03	3.385894e-03	8.065318e-04	1.266158e-03
439           	2.298644e-04	1.727842e-02	1.653137e-03	3.311712e-03	8.021349e-04	1.275767e-03
440           	2.296246e-04	1.728262e-02	1.670326e-03	3.368190e-03	8.159815e-04	1.303456e-03
441           	2.286636e-04	1.710098e-02	1.646402e-03	3.296960e-03	8.135546e-04	1.277113e-03
442           	2.268656e-04	1.688769e-02	1.669159e-03	3.429098e-03	8.196654e-04	1.236598e-03
443           	2.265073e-04	1.653548e-02	1.635693e-03	3.380193e-03	8.099447e-04	1.273839e-03
444           	2.261277e-04	1.634759e-02	1.676261e-03	3.441083e-03	8.231893e-04	1.239163e-03
445           	2.246470e-04	1.625165e-02	1.649570e-03	3.388425e-03	8.270588e-04	1.191835e-03
446           	2.220394e-04	1.623969e-02	1.679944e-03	3.419456e-03	8.337430e-04	1.198432e-03
447           	2.211358e-04	1.612795e-02	1.646115e-03	3.400189e-03	8.395790e-04	1.225155e-03
448           	2.198765e-04	1.622278e-02	1.709042e-03	3.518332e-03	8.364728e-04	1.216086e-03
449           	2.218512e-04	1.614899e-02	1.682470e-03	3.487487e-03	8.412407e-04	1.237854e-03
450           	2.210126e-04	1.629687e-02	1.732189e-03	3.508319e-03	8.434397e-04	1.174812e-03
451           	2.208513e-04	1.631838e-02	1.694330e-03	3.490911e-03	8.308647e-04	1.152227e-03
452           	2.191177e-04	1.638351e-02	1.746920e-03	3.517389e-03	8.301515e-04	1.232922e-03
453           	2.188217e-04	1.633635e-02	1.722509e-03	3.468016e-03	8.355269e-04	1.199699e-03
454           	2.188620e-04	1.643636e-02	1.795879e-03	3.575654e-03	8.425289e-04	1.239261e-03
455           	2.188980e-04	1.638229e-02	1.770891e-03	3.508134e-03	8.320848e-04	1.226581e-03
456           	2.185599e-04	1.660478e-02	1.794873e-03	3.591783e-03	8.326623e-04	1.269309e-03
457           	2.198584e-04	1.663911e-02	1.772925e-03	3.477571e-03	8.446058e-04	1.267945e-03
458           	2.209076e-04	1.675464e-02	1.840031e-03	3.556151e-03	8.432466e-04	1.236291e-03
459           	2.200990e-04	1.674900e-02	1.800010e-03	3.490837e-03	8.435682e-04	1.276957e-03
460           	2.230702e-04	1.673441e-02	1.859437e-03	3.659609e-03	8.291307e-04	1.241172e-03
461           	2.228769e-04	1.664591e-02	1.832222e-03	3.547975e-03	8.219844e-04	1.240954e-03
462           	2.257663e-04	1.661976e-02	1.874960e-03	3.679710e-03	8.289080e-04	1.257052e-03
463           	2.262374e-04	1.651627e-02	1.852727e-03	3.587006e-03	8.401686e-04	1.276687e-03
464           	2.321552e-04	1.645214e-02	1.911289e-03	3.695719e-03	8.211863e-04	1.252055e-03
465           	2.303370e-04	1.650287e-02	1.879329e-03	3.593022e-03	8.092445e-04	1.269696e-03
466           	2.327052e-04	1.653653e-02	1.921873e-03	3.747189e-03	8.126730e-04	1.259737e-03
467           	2.310789e-04	1.643307e-02	1.894850e-03	3.646756e-03	8.313140e-04	1.320633e-03
468           	2.308857e-04	1.641789e-02	1.919768e-03	3.746882e-03	8.045063e-04	1.293303e-03
469           	2.275925e-04	1.636683e-02	1.871816e-03	3.629856e-03	7.870735e-04	1.234693e-03
470           	2.294597e-04	1.632728e-02	1.905898e-03	3.702074e-03	7.903685e-04	1.333342e-03
471           	2.275430e-04	1.622560e-02	1.853345e-03	3.580200e-03	7.940554e-04	1.316397e-03
472           	2.284363e-04	1.627311e-02	1.871357e-03	3.743026e-03	7.787074e-04	1.363064e-03
473           	2.291648e-04	1.608108e-02	1.847982e-03	3.626403e-03	7.670525e-04	1.344082e-03
474           	2.260419e-04	1.590331e-02	1.859000e-03	3.694719e-03	7.752486e-04	1.393208e-03
475           	2.209655e-04	1.567824e-02	1.800477e-03	3.563047e-03	7.794002e-04	1.394922e-03
476           	2.201064e-04	1.563807e-02	1.803707e-03	3.617656e-03	7.646640e-04	1.338934e-03
477           	2.186585e-04	1.565927e-02	1.786856e-03	3.468280e-03	7.511887e-04	1.359554e-03
478           	2.189999e-04	1.565375e-02	1.797564e-03	3.612718e-03	7.655245e-04	1.342262e-03
479           	2.200136e-04	1.549414e-02	1.774398e-03	3.497457e-03	7.740753e-04	1.370956e-03
480           	2.185952e-04	1.562569e-02	1.779851e-03	3.561103e-03	7.690599e-04	1.306715e-03
481           	2.156767e-04	1.560074e-02	1.743465e-03	3.371241e-03	7.581699e-04	1.341912e-03
482           	2.119395e-04	1.549951e-02	1.725625e-03	3.458272e-03	7.737210e-04	1.275000e-03
483           	2.124939e-04	1.521616e-02	1.711389e-03	3.365697e-03	7.851419e-04	1.343622e-03
484           	2.121931e-04	1.510392e-02	1.714131e-03	3.475639e-03	7.867576e-04	1.284277e-03
485           	2.118673e-04	1.492375e-02	1.668661e-03	3.362723e-03	7.787697e-04	1.294372e-03
486           	2.111978e-04	1.475459e-02	1.692031e-03	3.406090e-03	7.891215e-04	1.296085e-03
487           	2.069003e-04	1.468953e-02	1.629204e-03	3.261621e-03	8.026039e-04	1.292903e-03
488           	2.042428e-04	1.480268e-02	1.650803e-03	3.347973e-03	8.007748e-04	1.230193e-03
489           	2.037820e-04	1.462337e-02	1.617785e-03	3.298124e-03	7.866007e-04	1.224870e-03
490           	2.069034e-04	1.459428e-02	1.648245e-03	3.411711e-03	7.946287e-04	1.261968e-03
491           	2.064899e-04	1.431420e-02	1.604369e-03	3.362495e-03	8.029804e-04	1.213938e-03
492           	2.038721e-04	1.418172e-02	1.609591e-03	3.318766e-03	7.946035e-04	1.281352e-03
493           	2.003351e-04	1.396623e-02	1.551125e-03	3.223871e-03	7.788838e-04	1.276981e-03
494           	1.992627e-04	1.398152e-02	1.555980e-03	3.273346e-03	7.907025e-04	1.255149e-03
495           	1.987810e-04	1.387687e-02	1.526241e-03	3.244401e-03	7.947199e-04	1.206497e-03
496           	1.990862e-04	1.401446e-02	1.540746e-03	3.361534e-03	7.947501e-04	1.240220e-03
497           	1.984562e-04	1.394117e-02	1.491228e-03	3.261253e-03	7.787521e-04	1.236121e-03
498           	1.961601e-04	1.395136e-02	1.510111e-03	3.323916e-03	7.977432e-04	1.174212e-03
499           	1.944778e-04	1.379804e-02	1.486159e-03	3.293564e-03	8.250380e-04	1.179891e-03
500           	1.939321e-04	1.374056e-02	1.479634e-03	3.259677e-03	8.004388e-04	1.162099e-03
501           	1.921734e-04	1.357899e-02	1.469455e-03	3.216595e-03	7.869256e-04	1.189863e-03
502           	1.910312e-04	1.365476e-02	1.489689e-03	3.342034e-03	7.983336e-04	1.174966e-03
503           	1.900347e-04	1.347101e-02	1.464998e-03	3.320068e-03	8.077798e-04	1.194916e-03
504           	1.883707e-04	1.358020e-02	1.457360e-03	3.329984e-03	7.969528e-04	1.188589e-03
505           	1.864039e-04	1.339985e-02	1.453136e-03	3.309667e-03	7.993586e-04	1.175720e-03
506           	1.837531e-04	1.337674e-02	1.459818e-03	3.295808e-03	7.988761e-04	1.202083e-03
507           	1.848088e-04	1.320782e-02	1.445911e-03	3.331303e-03	8.096871e-04	1.179986e-03
508           	1.851413e-04	1.324958e-02	1.479640e-03	3.385072e-03	7.932061e-04	1.227772e-03
509           	1.850849e-04	1.317572e-02	1.452364e-03	3.345864e-03	7.944928e-04	1.211191e-03
510           	1.839752e-04	1.315600e-02	1.457750e-03	3.450562e-03	7.910360e-04	1.240575e-03
511           	1.837728e-04	1.325667e-02	1.433751e-03	3.376177e-03	7.988649e-04	1.229085e-03
512           	1.836017e-04	1.319194e-02	1.444927e-03	3.354129e-03	7.836610e-04	1.264266e-03
513           	1.830118e-04	1.300527e-02	1.435149e-03	3.325031e-03	7.929540e-04	1.268202e-03
514           	1.828796e-04	1.304340e-02	1.442014e-03	3.424530e-03	7.781758e-04	1.249593e-03
515           	1.832803e-04	1.290056e-02	1.435241e-03	3.372249e-03	7.795978e-04	1.249386e-03
516           	1.825886e-04	1.300670e-02	1.442881e-03	3.372460e-03	7.692996e-04	1.231968e-03
517           	1.815795e-04	1.288424e-02	1.433567e-03	3.322314e-03	7.725493e-04	1.234622e-03
518           	1.838751e-04	1.282353e-02	1.455986e-03	3.425679e-03	7.729971e-04	1.181530e-03
519           	1.812690e-04	1.266261e-02	1.435612e-03	3.442470e-03	7.627224e-04	1.233741e-03
520           	1.830297e-04	1.267315e-02	1.439249e-03	3.444631e-03	7.185253e-04	1.228259e-03
521           	1.807244e-04	1.252620e-02	1.416112e-03	3.321834e-03	7.152413e-04	1.268281e-03
522           	1.829256e-04	1.256327e-02	1.455324e-03	3.428719e-03	7.394906e-04	1.270608e-03
523           	1.805115e-04	1.251267e-02	1.425856e-03	3.407440e-03	7.426422e-04	1.213568e-03
524           	1.849218e-04	1.255423e-02	1.459578e-03	3.418862e-03	7.051214e-04	1.214867e-03
525           	1.799217e-04	1.232786e-02	1.437036e-03	3.385511e-03	7.039329e-04	1.229695e-03
526           	1.801210e-04	1.235013e-02	1.469772e-03	3.529606e-03	7.341585e-04	1.262516e-03
527           	1.780252e-04	1.234346e-02	1.444855e-03	3.358385e-03	7.250938e-04	1.255600e-03
528           	1.787110e-04	1.244172e-02	1.465449e-03	3.431401e-03	6.994317e-04	1.265805e-03
529           	1.783272e-04	1.230524e-02	1.450264e-03	3.354316e-03	6.985199e-04	1.252254e-03
530           	1.801645e-04	1.221867e-02	1.490925e-03	3.490018e-03	7.375325e-04	1.205073e-03
531           	1.794726e-04	1.209538e-02	1.463674e-03	3.343487e-03	7.379455e-04	1.248144e-03
532           	1.775900e-04	1.217992e-02	1.474548e-03	3.432844e-03	7.076204e-04	1.192999e-03
533           	1.766927e-04	1.216394e-02	1.465290e-03	3.386965e-03	7.119502e-04	1.211323e-03
534           	1.797145e-04	1.253117e-02	1.503743e-03	3.510986e-03	6.963036e-04	1.196516e-03
535           	1.817677e-04	1.246681e-02	1.486915e-03	3.432815e-03	7.371112e-04	1.224178e-03
536           	1.840521e-04	1.254576e-02	1.512246e-03	3.456853e-03	6.986644e-04	1.204827e-03
537           	1.830877e-04	1.251139e-02	1.514770e-03	3.395781e-03	7.390213e-04	1.248125e-03
538           	1.839251e-04	1.264406e-02	1.535079e-03	3.530583e-03	7.471888e-04	1.210623e-03
539           	1.824602e-04	1.244771e-02	1.497479e-03	3.405396e-03	7.731101e-04	1.121262e-03
540           	1.815795e-04	1.252018e-02	1.519022e-03	3.513948e-03	6.989542e-04	1.199660e-03
541           	1.823787e-04	1.253309e-02	1.488104e-03	3.402902e-03	7.335835e-04	1.186823e-03
542           	1.823535e-04	1.254508e-02	1.521691e-03	3.456018e-03	7.474371e-04	1.238312e-03
543           	1.808139e-04	1.250008e-02	1.487309e-03	3.414998e-03	7.710130e-04	1.207134e-03
544           	1.811384e-04	1.261712e-02	1.507412e-03	3.433888e-03	7.554518e-04	1.270107e-03
545           	1.817915e-04	1.279049e-02	1.472405e-03	3.353164e-03	7.555251e-04	1.275219e-03
546           	1.829091e-04	1.308876e-02	1.500473e-03	3.440783e-03	7.651884e-04	1.280820e-03
547           	1.821919e-04	1.299116e-02	1.486155e-03	3.377970e-03	7.771032e-04	1.258849e-03
548           	1.836700e-04	1.290084e-02	1.505405e-03	3.420240e-03	7.112099e-04	1.244090e-03
549           	1.824487e-04	1.283062e-02	1.492637e-03	3.391903e-03	7.403050e-04	1.296467e-03
550           	1.809989e-04	1.299493e-02	1.514355e-03	3.544813e-03	7.610889e-04	1.232793e-03
551           	1.856324e-04	1.289861e-02	1.478778e-03	3.438260e-03	7.658090e-04	1.279054e-03
552           	1.852153e-04	1.286998e-02	1.499713e-03	3.509476e-03	7.146083e-04	1.212447e-03
553           	1.824905e-04	1.290569e-02	1.477225e-03	3.428499e-03	7.402258e-04	1.224185e-03
554           	1.833901e-04	1.310067e-02	1.518213e-03	3.502850e-03	7.625567e-04	1.247484e-03
555           	1.819483e-04	1.325398e-02	1.471063e-03	3.389030e-03	7.398315e-04	1.261429e-03
556           	1.850075e-04	1.343067e-02	1.506469e-03	3.530007e-03	7.134689e-04	1.231804e-03
557           	1.843182e-04	1.334129e-02	1.494032e-03	3.403285e-03	7.360779e-04	1.269150e-03
558           	1.847109e-04	1.331118e-02	1.495152e-03	3.489313e-03	7.262663e-04	1.289567e-03
559           	1.850498e-04	1.322843e-02	1.480720e-03	3.420696e-03	8.070146e-04	1.314572e-03
560           	1.860817e-04	1.316927e-02	1.495237e-03	3.437979e-03	7.362120e-04	1.338080e-03
561           	1.820997e-04	1.321491e-02	1.448890e-03	3.322174e-03	7.491092e-04	1.345319e-03
562           	1.812724e-04	1.335964e-02	1.473880e-03	3.505848e-03	7.275065e-04	1.284416e-03
563           	1.816308e-04	1.337482e-02	1.444959e-03	3.420861e-03	7.326532e-04	1.273872e-03
564           	1.813955e-04	1.325204e-02	1.452311e-03	3.544693e-03	7.628135e-04	1.266705e-03
565           	1.819220e-04	1.317594e-02	1.446257e-03	3.514249e-03	7.871064e-04	1.281205e-03
566           	1.840570e-04	1.320587e-02	1.482562e-03	3.581542e-03	8.000714e-04	1.270962e-03
567           	1.856827e-04	1.327928e-02	1.460342e-03	3.471260e-03	7.867871e-04	1.264504e-03
568           	1.852064e-04	1.339019e-02	1.473329e-03	3.548924e-03	7.446816e-04	1.240924e-03
569           	1.844251e-04	1.339932e-02	1.469100e-03	3.484778e-03	7.742259e-04	1.224078e-03
570           	1.871987e-04	1.355484e-02	1.518732e-03	3.700458e-03	7.865112e-04	1.256994e-03
571           	1.850891e-04	1.371733e-02	1.479498e-03	3.574754e-03	8.068293e-04	1.317561e-03
572           	1.870195e-04	1.382303e-02	1.517589e-03	3.603419e-03	7.889251e-04	1.305768e-03
573           	1.816815e-04	1.379316e-02	1.469864e-03	3.483851e-03	7.824392e-04	1.211631e-03
574           	1.846588e-04	1.379208e-02	1.492186e-03	3.613826e-03	7.953475e-04	1.262345e-03
575           	1.840604e-04	1.367803e-02	1.460138e-03	3.451947e-03	8.165762e-04	1.264252e-03
576           	1.845238e-04	1.358952e-02	1.500655e-03	3.587894e-03	7.863250e-04	1.285495e-03
577           	1.799369e-04	1.368966e-02	1.480210e-03	3.452513e-03	7.788804e-04	1.251922e-03
578           	1.823401e-04	1.373999e-02	1.501106e-03	3.538939e-03	7.941851e-04	1.277335e-03
579           	1.787938e-04	1.383534e-02	1.468624e-03	3.476809e-03	8.031113e-04	1.275781e-03
580           	1.773432e-04	1.389730e-02	1.484199e-03	3.616558e-03	7.422285e-04	1.231535e-03
581           	1.768961e-04	1.377652e-02	1.466928e-03	3.560834e-03	7.831187e-04	1.275935e-03
582           	1.776398e-04	1.385394e-02	1.494084e-03	3.648940e-03	8.058499e-04	1.273479e-03
583           	1.797647e-04	1.366336e-02	1.477724e-03	3.596128e-03	7.776245e-04	1.292977e-03
584           	1.834271e-04	1.384977e-02	1.522656e-03	3.642463e-03	7.905425e-04	1.260376e-03
585           	1.829762e-04	1.387332e-02	1.501662e-03	3.590209e-03	8.048840e-04	1.275106e-03
586           	1.835505e-04	1.409704e-02	1.508789e-03	3.706642e-03	8.146038e-04	1.294725e-03
587           	1.810359e-04	1.398753e-02	1.525546e-03	3.688056e-03	7.886479e-04	1.230955e-03
588           	1.836532e-04	1.421723e-02	1.557840e-03	3.814434e-03	7.956289e-04	1.251324e-03
589           	1.828395e-04	1.424412e-02	1.541294e-03	3.681486e-03	8.110277e-04	1.232723e-03
590           	1.853039e-04	1.423566e-02	1.564798e-03	3.684884e-03	8.213915e-04	1.272870e-03
591           	1.827860e-04	1.410336e-02	1.535575e-03	3.557732e-03	7.877047e-04	1.259909e-03
592           	1.845608e-04	1.417224e-02	1.565335e-03	3.651120e-03	7.978900e-04	1.310585e-03
593           	1.814238e-04	1.421354e-02	1.554370e-03	3.517634e-03	8.064032e-04	1.324413e-03
594           	1.820481e-04	1.416776e-02	1.584179e-03	3.576632e-03	7.767486e-04	1.259775e-03
595           	1.783590e-04	1.393361e-02	1.541325e-03	3.590432e-03	7.825237e-04	1.303415e-03
596           	1.839613e-04	1.389862e-02	1.570932e-03	3.667078e-03	8.098841e-04	1.305046e-03
597           	1.802766e-04	1.390797e-02	1.542140e-03	3.498136e-03	7.945405e-04	1.319576e-03
598           	1.808630e-04	1.403890e-02	1.577419e-03	3.618788e-03	7.733553e-04	1.313651e-03
599           	1.786658e-04	1.408627e-02	1.538013e-03	3.534914e-03	7.794170e-04	1.329931e-03
600           	1.801996e-04	1.428891e-02	1.564430e-03	3.642650e-03	8.087139e-04	1.323437e-03
601           	1.810077e-04	1.450333e-02	1.551176e-03	3.542550e-03	7.977052e-04	1.359629e-03
602           	1.859532e-04	1.433003e-02	1.570202e-03	3.628309e-03	8.035681e-04	1.281742e-03
603           	1.859658e-04	1.409468e-02	1.588209e-03	3.614045e-03	8.046646e-04	1.238637e-03
604           	1.865080e-04	1.409998e-02	1.584228e-03	3.673114e-03	7.469101e-04	1.213508e-03
605           	1.814455e-04	1.406084e-02	1.554654e-03	3.590628e-03	7.691914e-04	1.198120e-03
606           	1.821919e-04	1.427524e-02	1.563617e-03	3.580860e-03	7.813931e-04	1.232979e-03
607           	1.804127e-04	1.427886e-02	1.535096e-03	3.588574e-03	8.161137e-04	1.250725e-03
608           	1.842103e-04	1.444049e-02	1.563804e-03	3.616197e-03	7.931644e-04	1.295068e-03
609           	1.813051e-04	1.447603e-02	1.522455e-03	3.518527e-03	7.444762e-04	1.292774e-03
610           	1.800419e-04	1.451768e-02	1.521242e-03	3.632586e-03	7.651270e-04	1.351941e-03
611           	1.771660e-04	1.429518e-02	1.503611e-03	3.539421e-03	7.906346e-04	1.320926e-03
612           	1.763708e-04	1.429127e-02	1.498883e-03	3.607395e-03	7.184408e-04	1.287553e-03
613           	1.760609e-04	1.421207e-02	1.484953e-03	3.475691e-03	7.450492e-04	1.345950e-03
614           	1.783737e-04	1.424703e-02	1.507671e-03	3.541022e-03	7.301838e-04	1.351243e-03
615           	1.769566e-04	1.399993e-02	1.493092e-03	3.512633e-03	7.356243e-04	1.368819e-03
616           	1.773746e-04	1.409468e-02	1.516946e-03	3.573664e-03	7.659993e-04	1.346375e-03
617           	1.766560e-04	1.400041e-02	1.487293e-03	3.439369e-03	7.203100e-04	1.378416e-03
618           	1.760613e-04	1.436166e-02	1.490193e-03	3.601215e-03	7.726572e-04	1.248620e-03
619           	1.768198e-04	1.439074e-02	1.488380e-03	3.531592e-03	7.767502e-04	1.298753e-03
620           	1.775636e-04	1.454742e-02	1.516160e-03	3.556119e-03	7.466594e-04	1.286040e-03
621           	1.771549e-04	1.435030e-02	1.480027e-03	3.547095e-03	7.391788e-04	1.225159e-03
622           	1.781070e-04	1.443686e-02	1.514052e-03	3.635140e-03	7.846844e-04	1.246516e-03
623           	1.756992e-04	1.431474e-02	1.470369e-03	3.576541e-03	7.921710e-04	1.252571e-03
624           	1.738480e-04	1.441457e-02	1.481697e-03	3.554388e-03	7.438791e-04	1.267958e-03
625           	1.729332e-04	1.433723e-02	1.452687e-03	3.492305e-03	7.172542e-04	1.234082e-03
626           	1.740426e-04	1.432097e-02	1.497520e-03	3.454351e-03	7.697548e-04	1.268095e-03
627           	1.745416e-04	1.414248e-02	1.478218e-03	3.380544e-03	8.415895e-04	1.255849e-03
628           	1.754216e-04	1.412278e-02	1.495726e-03	3.475185e-03	7.646485e-04	1.267563e-03
629           	1.760284e-04	1.411542e-02	1.498289e-03	3.408317e-03	7.051873e-04	1.245332e-03
630           	1.791923e-04	1.425367e-02	1.510497e-03	3.506240e-03	7.611831e-04	1.277528e-03
631           	1.756673e-04	1.430970e-02	1.483753e-03	3.389321e-03	7.730012e-04	1.267523e-03
632           	1.701420e-04	1.448321e-02	1.482950e-03	3.463357e-03	7.395354e-04	1.257856e-03
633           	1.715032e-04	1.446965e-02	1.434717e-03	3.401736e-03	7.134122e-04	1.289226e-03
634           	1.762945e-04	1.441890e-02	1.493236e-03	3.568701e-03	7.729282e-04	1.317901e-03
635           	1.768524e-04	1.439902e-02	1.488417e-03	3.477510e-03	7.241333e-04	1.332465e-03
636           	1.757181e-04	1.439657e-02	1.481906e-03	3.483400e-03	7.625249e-04	1.304062e-03
637           	1.765875e-04	1.455768e-02	1.456343e-03	3.475614e-03	7.619827e-04	1.248222e-03
638           	1.803217e-04	1.447636e-02	1.518446e-03	3.573979e-03	7.274378e-04	1.249186e-03
639           	1.800511e-04	1.476121e-02	1.485745e-03	3.527028e-03	7.513851e-04	1.235711e-03
640           	1.794372e-04	1.464823e-02	1.511825e-03	3.556840e-03	7.151243e-04	1.190136e-03
641           	1.778945e-04	1.455834e-02	1.460471e-03	3.470218e-03	7.239166e-04	1.243629e-03
642           	1.772317e-04	1.444115e-02	1.471878e-03	3.549340e-03	7.503710e-04	1.240119e-03
643           	1.753215e-04	1.445220e-02	1.452018e-03	3.473735e-03	7.899161e-04	1.269697e-03
644           	1.781975e-04	1.446759e-02	1.463598e-03	3.484623e-03	7.347602e-04	1.268332e-03
645           	1.760566e-04	1.437721e-02	1.446326e-03	3.437262e-03	7.470059e-04	1.221161e-03
646           	1.755486e-04	1.467553e-02	1.453350e-03	3.566769e-03	7.671258e-04	1.290249e-03
647           	1.756576e-04	1.475887e-02	1.453271e-03	3.430242e-03	7.668787e-04	1.252958e-03
648           	1.769592e-04	1.477472e-02	1.446442e-03	3.497458e-03	7.211121e-04	1.279553e-03
649           	1.770632e-04	1.480742e-02	1.458164e-03	3.419546e-03	7.425584e-04	1.273421e-03
650           	1.782645e-04	1.474819e-02	1.474262e-03	3.503855e-03	7.294681e-04	1.296898e-03
651           	1.778989e-04	1.461485e-02	1.445946e-03	3.423351e-03	8.107022e-04	1.277261e-03
652           	1.789258e-04	1.481763e-02	1.461937e-03	3.545664e-03	7.452592e-04	1.346966e-03
653           	1.765797e-04	1.491559e-02	1.449466e-03	3.493705e-03	7.121943e-04	1.327247e-03
654           	1.790393e-04	1.500649e-02	1.488660e-03	3.537363e-03	7.655836e-04	1.314443e-03
655           	1.768787e-04	1.497540e-02	1.436461e-03	3.431051e-03	7.838766e-04	1.297055e-03
656           	1.755063e-04	1.494181e-02	1.461269e-03	3.453799e-03	7.516211e-04	1.254598e-03
657           	1.758385e-04	1.472935e-02	1.419573e-03	3.457987e-03	7.618622e-04	1.292869e-03
658           	1.758383e-04	1.474364e-02	1.470389e-03	3.528180e-03	7.425691e-04	1.285075e-03
659           	1.758264e-04	1.474331e-02	1.446433e-03	3.527725e-03	7.635007e-04	1.279069e-03
660           	1.773042e-04	1.494686e-02	1.476053e-03	3.479104e-03	7.491890e-04	1.264058e-03
661           	1.750021e-04	1.484679e-02	1.427599e-03	3.391585e-03	7.552559e-04	1.280510e-03
662           	1.783450e-04	1.480414e-02	1.488492e-03	3.459747e-03	7.354538e-04	1.271178e-03
663           	1.756015e-04	1.468552e-02	1.443395e-03	3.363162e-03	7.425815e-04	1.259882e-03
664           	1.797512e-04	1.474329e-02	1.489263e-03	3.514029e-03	7.359943e-04	1.299215e-03
665           	1.747791e-04	1.461622e-02	1.436945e-03	3.396152e-03	7.278437e-04	1.327019e-03
666           	1.757026e-04	1.469608e-02	1.472799e-03	3.484290e-03	7.735104e-04	1.271621e-03
667           	1.730138e-04	1.464960e-02	1.457539e-03	3.449017e-03	7.774974e-04	1.233256e-03
668           	1.769245e-04	1.479191e-02	1.475295e-03	3.454589e-03	7.332198e-04	1.167195e-03
669           	1.765378e-04	1.497470e-02	1.448196e-03	3.502327e-03	7.498781e-04	1.191494e-03
670           	1.775956e-04	1.561400e-02	1.486631e-03	3.527383e-03	7.774774e-04	1.219641e-03
671           	1.756268e-04	1.557078e-02	1.444657e-03	3.451399e-03	7.638772e-04	1.170712e-03
672           	1.785185e-04	1.542793e-02	1.447780e-03	3.439015e-03	7.274913e-04	1.189103e-03
673           	1.747382e-04	1.477546e-02	1.457507e-03	3.496784e-03	7.294560e-04	1.168518e-03
674           	1.756819e-04	1.461039e-02	1.464782e-03	3.424397e-03	7.525088e-04	1.201642e-03
675           	1.742339e-04	1.449407e-02	1.439849e-03	3.412581e-03	7.908297e-04	1.196749e-03
676           	1.754727e-04	1.455732e-02	1.432976e-03	3.513435e-03	7.745913e-04	1.239669e-03
677           	1.745645e-04	1.445136e-02	1.440171e-03	3.495851e-03	8.130723e-04	1.315723e-03
678           	1.802301e-04	1.459137e-02	1.469732e-03	3.590879e-03	7.400257e-04	1.271545e-03
679           	1.827295e-04	1.449043e-02	1.449545e-03	3.553744e-03	7.109093e-04	1.204859e-03
680           	1.797075e-04	1.445557e-02	1.470134e-03	3.539078e-03	7.440682e-04	1.213718e-03
681           	1.740009e-04	1.428753e-02	1.426350e-03	3.547344e-03	7.548921e-04	1.244219e-03
682           	1.770518e-04	1.447053e-02	1.467194e-03	3.603175e-03	7.308373e-04	1.248189e-03
683           	1.765852e-04	1.458654e-02	1.437655e-03	3.529558e-03	6.814850e-04	1.229820e-03
684           	1.778732e-04	1.468297e-02	1.440027e-03	3.556714e-03	7.420109e-04	1.268576e-03
685           	1.793403e-04	1.491261e-02	1.435888e-03	3.585309e-03	7.604756e-04	1.256723e-03
686           	1.781149e-04	1.506119e-02	1.455483e-03	3.529578e-03	7.251652e-04	1.306938e-03
687           	1.751987e-04	1.493900e-02	1.424501e-03	3.445028e-03	7.298403e-04	1.239661e-03
688           	1.744299e-04	1.497433e-02	1.422516e-03	3.625110e-03	7.709026e-04	1.227785e-03
689           	1.757638e-04	1.457132e-02	1.420914e-03	3.568044e-03	7.606045e-04	1.178960e-03
690           	1.745669e-04	1.463094e-02	1.429309e-03	3.641967e-03	7.305194e-04	1.226774e-03
691           	1.705789e-04	1.441578e-02	1.392776e-03	3.517548e-03	7.373310e-04	1.200901e-03
692           	1.692973e-04	1.438464e-02	1.405918e-03	3.539758e-03	7.799581e-04	1.246916e-03
693           	1.696336e-04	1.418091e-02	1.379013e-03	3.497404e-03	7.730189e-04	1.237815e-03
694           	1.732939e-04	1.437555e-02	1.435694e-03	3.556640e-03	7.419321e-04	1.247680e-03
695           	1.758772e-04	1.426088e-02	1.432379e-03	3.567595e-03	7.445931e-04	1.253449e-03
696           	1.746088e-04	1.429209e-02	1.455217e-03	3.634492e-03	7.252831e-04	1.242472e-03
697           	1.764144e-04	1.421581e-02	1.419382e-03	3.560169e-03	7.416014e-04	1.218714e-03
698           	1.757315e-04	1.407515e-02	1.443563e-03	3.560904e-03	7.264964e-04	1.194123e-03
699           	1.714635e-04	1.391394e-02	1.439116e-03	3.452599e-03	7.200238e-04	1.203053e-03
700           	1.733631e-04	1.392453e-02	1.433751e-03	3.560374e-03	7.677391e-04	1.236033e-03
701           	1.701719e-04	1.378887e-02	1.434906e-03	3.539845e-03	7.660037e-04	1.223284e-03
702           	1.757376e-04	1.381162e-02	1.461868e-03	3.539663e-03	7.391115e-04	1.215102e-03
703           	1.726910e-04	1.387071e-02	1.439169e-03	3.496642e-03	7.505972e-04	1.194998e-03
704           	1.702621e-04	1.382755e-02	1.409723e-03	3.440942e-03	7.261661e-04	1.137075e-03
705           	1.676907e-04	1.380167e-02	1.387093e-03	3.420385e-03	7.572001e-04	1.124078e-03
706           	1.704431e-04	1.376729e-02	1.404387e-03	3.468933e-03	7.178121e-04	1.140999e-03
707           	1.698253e-04	1.367051e-02	1.403257e-03	3.444690e-03	7.037429e-04	1.137184e-03
708           	1.709879e-04	1.359255e-02	1.416487e-03	3.426759e-03	7.415880e-04	1.161190e-03
709           	1.697465e-04	1.372054e-02	1.395990e-03	3.396144e-03	7.290786e-04	1.129841e-03
710           	1.722820e-04	1.374720e-02	1.411534e-03	3.395118e-03	7.210834e-04	1.197729e-03
711           	1.701320e-04	1.355067e-02	1.402950e-03	3.446224e-03	7.204254e-04	1.199408e-03
712           	1.692761e-04	1.343957e-02	1.417490e-03	3.517317e-03	7.053090e-04	1.195809e-03
713           	1.700754e-04	1.334447e-02	1.383026e-03	3.416298e-03	7.257271e-04	1.173181e-03
714           	1.692259e-04	1.344917e-02	1.383898e-03	3.415414e-03	7.023742e-04	1.177797e-03
715           	1.680044e-04	1.359742e-02	1.355093e-03	3.378957e-03	7.155758e-04	1.256283e-03
716           	1.690194e-04	1.368342e-02	1.359405e-03	3.390787e-03	7.052154e-04	1.252636e-03
717           	1.675729e-04	1.347638e-02	1.357971e-03	3.402675e-03	7.318277e-04	1.257873e-03
718           	1.684750e-04	1.341567e-02	1.364247e-03	3.394847e-03	7.209194e-04	1.226461e-03
719           	1.692678e-04	1.332192e-02	1.338408e-03	3.392110e-03	7.408777e-04	1.211873e-03
720           	1.718548e-04	1.333717e-02	1.356827e-03	3.449894e-03	7.381645e-04	1.262818e-03
721           	1.727834e-04	1.320747e-02	1.367276e-03	3.521574e-03	7.533519e-04	1.228046e-03
722           	1.699488e-04	1.315476e-02	1.365142e-03	3.412509e-03	7.411597e-04	1.182450e-03
723           	1.697905e-04	1.302492e-02	1.343983e-03	3.444328e-03	7.552691e-04	1.153027e-03
724           	1.669366e-04	1.317481e-02	1.347327e-03	3.471342e-03	7.329982e-04	1.192634e-03
725           	1.696867e-04	1.314430e-02	1.327300e-03	3.480384e-03	7.508935e-04	1.210931e-03
726           	1.694481e-04	1.318909e-02	1.340904e-03	3.521348e-03	7.341444e-04	1.226205e-03
727           	1.713345e-04	1.301468e-02	1.345032e-03	3.505088e-03	7.514594e-04	1.224092e-03
728           	1.728232e-04	1.312588e-02	1.363823e-03	3.490759e-03	7.182710e-04	1.260800e-03
729           	1.678499e-04	1.309590e-02	1.349658e-03	3.427760e-03	7.348748e-04	1.251740e-03
730           	1.675529e-04	1.344573e-02	1.350930e-03	3.480275e-03	7.142771e-04	1.271330e-03
731           	1.660970e-04	1.321863e-02	1.318966e-03	3.434417e-03	7.202180e-04	1.216049e-03
732           	1.695137e-04	1.322883e-02	1.335303e-03	3.496369e-03	7.646900e-04	1.245848e-03
733           	1.694579e-04	1.310596e-02	1.339027e-03	3.422884e-03	7.496676e-04	1.207458e-03
734           	1.684894e-04	1.309275e-02	1.348428e-03	3.447494e-03	7.225063e-04	1.270700e-03
735           	1.674914e-04	1.317973e-02	1.329952e-03	3.436320e-03	7.379642e-04	1.236751e-03
736           	1.706958e-04	1.327164e-02	1.359002e-03	3.465307e-03	7.168345e-04	1.188869e-03
737           	1.744025e-04	1.319846e-02	1.352057e-03	3.485644e-03	7.186182e-04	1.196529e-03
738           	1.725462e-04	1.328087e-02	1.367730e-03	3.472416e-03	7.051717e-04	1.203523e-03
739           	1.706187e-04	1.312786e-02	1.323504e-03	3.401051e-03	7.205726e-04	1.229987e-03
740           	1.659511e-04	1.321326e-02	1.319682e-03	3.435777e-03	7.045490e-04	1.271958e-03
741           	1.636959e-04	1.310219e-02	1.308495e-03	3.455961e-03	7.026833e-04	1.236072e-03
742           	1.668941e-04	1.318876e-02	1.326012e-03	3.456367e-03	7.494949e-04	1.268669e-03
743           	1.662064e-04	1.294170e-02	1.302620e-03	3.444479e-03	7.418588e-04	1.231848e-03
744           	1.711906e-04	1.284739e-02	1.343209e-03	3.534199e-03	7.079320e-04	1.150417e-03
745           	1.688926e-04	1.285252e-02	1.328226e-03	3.416243e-03	6.981245e-04	1.122191e-03
746           	1.699215e-04	1.279572e-02	1.346765e-03	3.450534e-03	7.491393e-04	1.163949e-03
747           	1.721786e-04	1.281718e-02	1.326940e-03	3.453591e-03	7.301231e-04	1.140750e-03
748           	1.705401e-04	1.304412e-02	1.351509e-03	3.546905e-03	6.959790e-04	1.133585e-03
749           	1.659310e-04	1.281439e-02	1.339016e-03	3.462018e-03	7.356051e-04	1.116516e-03
750           	1.687024e-04	1.286497e-02	1.348379e-03	3.522859e-03	7.627298e-04	1.191842e-03
751           	1.668480e-04	1.276230e-02	1.326803e-03	3.436487e-03	7.532861e-04	1.211859e-03
752           	1.692249e-04	1.279759e-02	1.337561e-03	3.394779e-03	7.169527e-04	1.221064e-03
753           	1.667021e-04	1.268874e-02	1.320263e-03	3.415784e-03	7.335657e-04	1.170804e-03
754           	1.702493e-04	1.272298e-02	1.333629e-03	3.408538e-03	7.114908e-04	1.175447e-03
755           	1.680887e-04	1.256671e-02	1.328628e-03	3.430108e-03	7.318151e-04	1.188910e-03
756           	1.720571e-04	1.271201e-02	1.337981e-03	3.462669e-03	7.003745e-04	1.189646e-03
757           	1.743340e-04	1.261109e-02	1.333872e-03	3.514091e-03	7.397237e-04	1.175211e-03
758           	1.697595e-04	1.241026e-02	1.345025e-03	3.416198e-03	7.145911e-04	1.164293e-03
759           	1.654557e-04	1.233145e-02	1.335584e-03	3.389664e-03	7.318356e-04	1.148817e-03
760           	1.701004e-04	1.252401e-02	1.348463e-03	3.475518e-03	7.675468e-04	1.134822e-03
761           	1.682978e-04	1.253287e-02	1.345246e-03	3.502528e-03	7.623100e-04	1.129252e-03
762           	1.681798e-04	1.262433e-02	1.367482e-03	3.492582e-03	7.269165e-04	1.171373e-03
763           	1.666902e-04	1.261538e-02	1.347763e-03	3.467302e-03	7.477597e-04	1.166156e-03
764           	1.685281e-04	1.272509e-02	1.345996e-03	3.414047e-03	7.073998e-04	1.178209e-03
765           	1.656321e-04	1.278708e-02	1.345260e-03	3.379706e-03	7.317067e-04	1.155775e-03
766           	1.662868e-04	1.289936e-02	1.365968e-03	3.440887e-03	6.992650e-04	1.214357e-03
767           	1.671507e-04	1.296180e-02	1.356770e-03	3.414560e-03	7.395755e-04	1.190543e-03
768           	1.712360e-04	1.301472e-02	1.391683e-03	3.386641e-03	7.049366e-04	1.246332e-03
769           	1.700571e-04	1.291356e-02	1.371499e-03	3.436460e-03	7.372654e-04	1.199259e-03
770           	1.730606e-04	1.277979e-02	1.398038e-03	3.377592e-03	7.128870e-04	1.218453e-03
771           	1.701265e-04	1.274180e-02	1.366770e-03	3.347654e-03	7.405478e-04	1.184143e-03
772           	1.708838e-04	1.285966e-02	1.397363e-03	3.403845e-03	7.151020e-04	1.144917e-03
773           	1.668294e-04	1.279294e-02	1.355174e-03	3.402853e-03	7.398343e-04	1.140313e-03
774           	1.716676e-04	1.290323e-02	1.413651e-03	3.461392e-03	7.223310e-04	1.204511e-03
775           	1.748626e-04	1.285100e-02	1.417032e-03	3.474091e-03	7.425701e-04	1.189812e-03
776           	1.759308e-04	1.285448e-02	1.438497e-03	3.434158e-03	7.209687e-04	1.181117e-03
777           	1.730025e-04	1.262310e-02	1.419763e-03	3.436361e-03	7.399559e-04	1.169821e-03
778           	1.731668e-04	1.269400e-02	1.443778e-03	3.519267e-03	7.211008e-04	1.205616e-03
779           	1.768478e-04	1.254220e-02	1.417141e-03	3.476397e-03	7.416157e-04	1.208033e-03
780           	1.738115e-04	1.261956e-02	1.439645e-03	3.506403e-03	7.221400e-04	1.193604e-03
781           	1.691213e-04	1.269326e-02	1.388027e-03	3.411758e-03	7.384449e-04	1.174817e-03
782           	1.728740e-04	1.297616e-02	1.401786e-03	3.476430e-03	7.243377e-04	1.188164e-03
783           	1.733177e-04	1.295634e-02	1.413988e-03	3.460581e-03	7.442703e-04	1.202052e-03
784           	1.763537e-04	1.283719e-02	1.420614e-03	3.532811e-03	7.275737e-04	1.197358e-03
785           	1.760677e-04	1.272313e-02	1.396073e-03	3.500581e-03	7.408766e-04	1.179211e-03
786           	1.736002e-04	1.262036e-02	1.422993e-03	3.513628e-03	7.282391e-04	1.188360e-03
787           	1.709699e-04	1.257488e-02	1.376412e-03	3.432384e-03	7.399147e-04	1.199360e-03
788           	1.700841e-04	1.273329e-02	1.384005e-03	3.432607e-03	7.312217e-04	1.199687e-03
789           	1.755421e-04	1.280435e-02	1.401292e-03	3.465588e-03	7.399932e-04	1.186747e-03
790           	1.751973e-04	1.286671e-02	1.417382e-03	3.490024e-03	7.261699e-04	1.198054e-03
791           	1.775178e-04	1.291383e-02	1.404000e-03	3.502585e-03	7.391705e-04	1.223425e-03
792           	1.777058e-04	1.319854e-02	1.430792e-03	3.545065e-03	7.209507e-04	1.236096e-03
793           	1.733864e-04	1.300628e-02	1.418252e-03	3.451472e-03	7.333216e-04	1.226675e-03
794           	1.733563e-04	1.284535e-02	1.415402e-03	3.471073e-03	7.167132e-04	1.241400e-03
795           	1.734937e-04	1.269276e-02	1.379970e-03	3.387567e-03	7.390629e-04	1.238217e-03
796           	1.750960e-04	1.273633e-02	1.405550e-03	3.524923e-03	7.118685e-04	1.225004e-03
797           	1.749726e-04	1.282431e-02	1.402634e-03	3.510097e-03	7.364279e-04	1.173254e-03
798           	1.784087e-04	1.297125e-02	1.435667e-03	3.524107e-03	7.058559e-04	1.251727e-03
799           	1.767399e-04	1.296066e-02	1.421625e-03	3.521987e-03	7.257126e-04	1.230706e-03
800           	1.755124e-04	1.309399e-02	1.439769e-03	3.421948e-03	6.967893e-04	1.273568e-03
801           	1.736274e-04	1.301651e-02	1.401690e-03	3.447138e-03	7.440506e-04	1.198764e-03
802           	1.733680e-04	1.289040e-02	1.401139e-03	3.421342e-03	7.182328e-04	1.214032e-03
803           	1.703699e-04	1.252265e-02	1.393314e-03	3.406479e-03	7.486603e-04	1.197684e-03
804           	1.738159e-04	1.253466e-02	1.394015e-03	3.465111e-03	7.243325e-04	1.207417e-03
805           	1.714240e-04	1.265483e-02	1.410296e-03	3.435170e-03	7.500729e-04	1.203677e-03
806           	1.733623e-04	1.278856e-02	1.407265e-03	3.480555e-03	7.285690e-04	1.222053e-03
807           	1.699200e-04	1.287203e-02	1.384785e-03	3.350734e-03	7.582890e-04	1.239687e-03
808           	1.694200e-04	1.310459e-02	1.388231e-03	3.480790e-03	7.393611e-04	1.238946e-03
809           	1.683265e-04	1.300689e-02	1.393014e-03	3.432872e-03	7.623839e-04	1.228282e-03
810           	1.743664e-04	1.305030e-02	1.404430e-03	3.556183e-03	7.389257e-04	1.246981e-03
811           	1.723912e-04	1.287524e-02	1.411120e-03	3.485242e-03	7.627489e-04	1.239406e-03
812           	1.763523e-04	1.300084e-02	1.406463e-03	3.501066e-03	7.322627e-04	1.239942e-03
813           	1.697545e-04	1.301157e-02	1.386392e-03	3.447293e-03	7.500517e-04	1.213195e-03
814           	1.701715e-04	1.330312e-02	1.387023e-03	3.465878e-03	7.819771e-04	1.243009e-03
815           	1.680890e-04	1.323832e-02	1.381477e-03	3.521825e-03	7.738912e-04	1.165189e-03
816           	1.693233e-04	1.325453e-02	1.373812e-03	3.467392e-03	7.223971e-04	1.180484e-03
817           	1.684904e-04	1.334897e-02	1.362593e-03	3.501327e-03	7.054034e-04	1.150179e-03
818           	1.700275e-04	1.336284e-02	1.376988e-03	3.404451e-03	7.490645e-04	1.224960e-03
819           	1.667614e-04	1.319316e-02	1.362672e-03	3.468926e-03	7.206758e-04	1.134847e-03
820           	1.691549e-04	1.336061e-02	1.382916e-03	3.497800e-03	7.594285e-04	1.149002e-03
821           	1.695944e-04	1.348339e-02	1.380392e-03	3.506129e-03	7.642887e-04	1.128544e-03
822           	1.746109e-04	1.372417e-02	1.404239e-03	3.516215e-03	7.555504e-04	1.170726e-03
823           	1.758319e-04	1.368841e-02	1.402455e-03	3.554022e-03	7.606413e-04	1.193205e-03
824           	1.716317e-04	1.394881e-02	1.412642e-03	3.463740e-03	7.354281e-04	1.165216e-03
825           	1.674160e-04	1.397612e-02	1.357493e-03	3.477449e-03	7.479613e-04	1.197458e-03
826           	1.695351e-04	1.399707e-02	1.386455e-03	3.520257e-03	7.252920e-04	1.235937e-03
827           	1.699016e-04	1.374360e-02	1.397323e-03	3.569617e-03	7.501368e-04	1.229524e-03
828           	1.737094e-04	1.383787e-02	1.418500e-03	3.591702e-03	7.199014e-04	1.245670e-03
829           	1.776310e-04	1.390698e-02	1.405705e-03	3.613567e-03	7.479541e-04	1.221895e-03
830           	1.771783e-04	1.382680e-02	1.419364e-03	3.562522e-03	7.173455e-04	1.182649e-03
831           	1.674688e-04	1.361316e-02	1.403632e-03	3.534297e-03	7.500562e-04	1.199289e-03
832           	1.676539e-04	1.369680e-02	1.388248e-03	3.548702e-03	7.150830e-04	1.191276e-03
833           	1.718976e-04	1.360226e-02	1.362919e-03	3.601470e-03	7.450416e-04	1.153570e-03
834           	1.725677e-04	1.349686e-02	1.398940e-03	3.526350e-03	7.244976e-04	1.167692e-03
835           	1.723431e-04	1.328253e-02	1.374599e-03	3.524833e-03	7.512967e-04	1.161171e-03
836           	1.712713e-04	1.327238e-02	1.378653e-03	3.508707e-03	7.237144e-04	1.214318e-03
837           	1.676815e-04	1.330445e-02	1.364822e-03	3.477249e-03	7.437690e-04	1.168959e-03
838           	1.719580e-04	1.344659e-02	1.368701e-03	3.520780e-03	7.142661e-04	1.192896e-03
839           	1.757112e-04	1.345509e-02	1.401415e-03	3.588386e-03	7.443022e-04	1.192421e-03
840           	1.721808e-04	1.359075e-02	1.396900e-03	3.535317e-03	7.193039e-04	1.171476e-03
841           	1.717244e-04	1.344404e-02	1.360831e-03	3.451807e-03	7.416009e-04	1.114738e-03
842           	1.743600e-04	1.343397e-02	1.374959e-03	3.522402e-03	7.186095e-04	1.140758e-03
843           	1.744636e-04	1.331377e-02	1.400590e-03	3.480019e-03	7.453937e-04	1.187400e-03
844           	1.725135e-04	1.344387e-02	1.411377e-03	3.460659e-03	7.280564e-04	1.216738e-03
845           	1.722147e-04	1.322399e-02	1.366551e-03	3.479381e-03	7.386577e-04	1.188586e-03
846           	1.747540e-04	1.332704e-02	1.382457e-03	3.529550e-03	7.209645e-04	1.225158e-03
847           	1.758692e-04	1.327504e-02	1.412305e-03	3.570579e-03	7.330311e-04	1.213285e-03
848           	1.770533e-04	1.338045e-02	1.419711e-03	3.467026e-03	7.182193e-04	1.263206e-03
849           	1.761310e-04	1.334428e-02	1.382290e-03	3.490934e-03	7.277433e-04	1.213471e-03
850           	1.719002e-04	1.343297e-02	1.396860e-03	3.490766e-03	7.101201e-04	1.245492e-03
851           	1.671761e-04	1.315333e-02	1.355358e-03	3.463114e-03	7.244431e-04	1.220613e-03
852           	1.722190e-04	1.307808e-02	1.374548e-03	3.550895e-03	7.208201e-04	1.236186e-03
853           	1.778635e-04	1.320184e-02	1.396796e-03	3.604940e-03	7.282718e-04	1.206173e-03
854           	1.740382e-04	1.325680e-02	1.388152e-03	3.442124e-03	7.109977e-04	1.185809e-03
855           	1.724900e-04	1.294526e-02	1.352163e-03	3.443845e-03	7.256098e-04	1.185178e-03
856           	1.727172e-04	1.308737e-02	1.388891e-03	3.558598e-03	7.121765e-04	1.170857e-03
857           	1.758017e-04	1.312814e-02	1.380607e-03	3.475160e-03	7.221440e-04	1.173124e-03
858           	1.737716e-04	1.330424e-02	1.388629e-03	3.514668e-03	7.008954e-04	1.141022e-03
859           	1.728410e-04	1.305803e-02	1.371562e-03	3.432784e-03	7.202852e-04	1.121667e-03
860           	1.726275e-04	1.316306e-02	1.407404e-03	3.498824e-03	7.027302e-04	1.146240e-03
861           	1.701426e-04	1.313485e-02	1.379932e-03	3.404542e-03	7.216344e-04	1.287239e-03
862           	1.738303e-04	1.334106e-02	1.400385e-03	3.583122e-03	6.948610e-04	1.235822e-03
863           	1.713461e-04	1.324811e-02	1.392587e-03	3.494317e-03	7.200250e-04	1.188854e-03
864           	1.737170e-04	1.331015e-02	1.419711e-03	3.539383e-03	7.046407e-04	1.223401e-03
865           	1.768039e-04	1.318550e-02	1.378441e-03	3.562735e-03	7.296921e-04	1.251348e-03
866           	1.755379e-04	1.308008e-02	1.427214e-03	3.534213e-03	7.109058e-04	1.270852e-03
867           	1.717623e-04	1.301771e-02	1.373952e-03	3.422392e-03	7.397838e-04	1.230432e-03
868           	1.722265e-04	1.317440e-02	1.399657e-03	3.511042e-03	7.253476e-04	1.158636e-03
869           	1.780015e-04	1.309510e-02	1.400503e-03	3.577056e-03	7.478981e-04	1.218510e-03
870           	1.769995e-04	1.313550e-02	1.441644e-03	3.576960e-03	7.319147e-04	1.241843e-03
871           	1.703439e-04	1.309398e-02	1.395085e-03	3.427474e-03	7.506372e-04	1.230052e-03
872           	1.713472e-04	1.322705e-02	1.397225e-03	3.515564e-03	7.353791e-04	1.196688e-03
873           	1.704970e-04	1.313742e-02	1.387670e-03	3.433574e-03	7.573241e-04	1.220874e-03
874           	1.722858e-04	1.319162e-02	1.391549e-03	3.526215e-03	7.356457e-04	1.245240e-03
875           	1.754888e-04	1.301402e-02	1.378802e-03	3.440873e-03	7.545356e-04	1.231474e-03
876           	1.747873e-04	1.306891e-02	1.394489e-03	3.529758e-03	7.344552e-04	1.203338e-03
877           	1.707462e-04	1.307971e-02	1.368107e-03	3.463167e-03	7.617932e-04	1.209079e-03
878           	1.721458e-04	1.310792e-02	1.376334e-03	3.513667e-03	7.285793e-04	1.264563e-03
879           	1.765510e-04	1.301650e-02	1.340968e-03	3.485164e-03	7.525509e-04	1.225565e-03
880           	1.760222e-04	1.297098e-02	1.378979e-03	3.522526e-03	7.151627e-04	1.205527e-03
881           	1.704834e-04	1.293076e-02	1.354630e-03	3.453988e-03	7.504760e-04	1.158434e-03
882           	1.702534e-04	1.290232e-02	1.347050e-03	3.437791e-03	7.099549e-04	1.208699e-03
883           	1.726997e-04	1.306185e-02	1.367763e-03	3.575183e-03	7.409994e-04	1.171438e-03
884           	1.769854e-04	1.307897e-02	1.394143e-03	3.485947e-03	7.136435e-04	1.209331e-03
885           	1.761969e-04	1.307559e-02	1.389208e-03	3.436232e-03	7.501170e-04	1.154508e-03
886           	1.746784e-04	1.310624e-02	1.374461e-03	3.506327e-03	7.160071e-04	1.210316e-03
887           	1.683307e-04	1.310796e-02	1.348227e-03	3.439416e-03	7.454427e-04	1.220872e-03
888           	1.756647e-04	1.318529e-02	1.361458e-03	3.489502e-03	7.153305e-04	1.194635e-03
889           	1.777785e-04	1.329305e-02	1.383286e-03	3.550343e-03	7.494461e-04	1.205838e-03
890           	1.735387e-04	1.315586e-02	1.377883e-03	3.394244e-03	7.207026e-04	1.216732e-03
891           	1.670255e-04	1.300096e-02	1.318791e-03	3.389618e-03	7.429225e-04	1.226441e-03
892           	1.667176e-04	1.307502e-02	1.351484e-03	3.445598e-03	7.054369e-04	1.209393e-03
893           	1.664608e-04	1.313621e-02	1.344666e-03	3.416339e-03	7.381043e-04	1.200310e-03
894           	1.688582e-04	1.311536e-02	1.356127e-03	3.439072e-03	7.018216e-04	1.241003e-03
895           	1.694435e-04	1.297390e-02	1.342024e-03	3.407196e-03	7.280652e-04	1.203693e-03
896           	1.675399e-04	1.297607e-02	1.348409e-03	3.378054e-03	7.551505e-04	1.178874e-03
897           	1.690367e-04	1.307399e-02	1.320987e-03	3.376170e-03	7.542156e-04	1.119715e-03
898           	1.711814e-04	1.306561e-02	1.332129e-03	3.440544e-03	7.085221e-04	1.171748e-03
899           	1.705718e-04	1.298661e-02	1.348099e-03	3.478980e-03	7.304878e-04	1.139417e-03
900           	1.740205e-04	1.299569e-02	1.364795e-03	3.519187e-03	6.864213e-04	1.172244e-03
901           	1.682322e-04	1.298439e-02	1.330998e-03	3.490099e-03	7.222412e-04	1.104639e-03
902           	1.668772e-04	1.287123e-02	1.339298e-03	3.413349e-03	6.900182e-04	1.145772e-03
903           	1.653642e-04	1.284095e-02	1.328412e-03	3.387804e-03	7.247487e-04	1.148707e-03
904           	1.674553e-04	1.309879e-02	1.347605e-03	3.478653e-03	7.046511e-04	1.117386e-03
905           	1.654815e-04	1.311129e-02	1.349934e-03	3.397847e-03	7.317068e-04	1.139391e-03
906           	1.711644e-04	1.311182e-02	1.359931e-03	3.481780e-03	7.146473e-04	1.163659e-03
907           	1.675041e-04	1.292076e-02	1.352098e-03	3.433834e-03	7.376920e-04	1.195726e-03
908           	1.681213e-04	1.300531e-02	1.369914e-03	3.436653e-03	7.179522e-04	1.187775e-03
909           	1.661913e-04	1.301831e-02	1.343269e-03	3.408605e-03	7.362951e-04	1.168604e-03
910           	1.684980e-04	1.304181e-02	1.355613e-03	3.482949e-03	7.204935e-04	1.186477e-03
911           	1.671141e-04	1.294043e-02	1.373147e-03	3.529777e-03	7.367556e-04	1.196434e-03
912           	1.704953e-04	1.294185e-02	1.386104e-03	3.528173e-03	7.198045e-04	1.152300e-03
913           	1.675773e-04	1.291755e-02	1.339672e-03	3.504306e-03	7.413280e-04	1.158054e-03
914           	1.729488e-04	1.278145e-02	1.372429e-03	3.516183e-03	7.273161e-04	1.155601e-03
915           	1.739194e-04	1.240247e-02	1.377563e-03	3.576231e-03	7.486580e-04	1.121069e-03
916           	1.692841e-04	1.254115e-02	1.389456e-03	3.527769e-03	7.287714e-04	1.151463e-03
917           	1.708022e-04	1.246390e-02	1.340104e-03	3.505210e-03	7.487082e-04	1.136468e-03
918           	1.694776e-04	1.261287e-02	1.369879e-03	3.481872e-03	7.266045e-04	1.203684e-03
919           	1.719891e-04	1.268836e-02	1.361619e-03	3.499350e-03	7.457549e-04	1.153102e-03
920           	1.682157e-04	1.292807e-02	1.370101e-03	3.450598e-03	7.159028e-04	1.098950e-03
921           	1.634578e-04	1.288696e-02	1.338972e-03	3.457897e-03	7.360903e-04	1.204355e-03
922           	1.667637e-04	1.308074e-02	1.344844e-03	3.531920e-03	7.084363e-04	1.206603e-03
923           	1.708426e-04	1.312161e-02	1.364086e-03	3.564458e-03	7.361611e-04	1.198054e-03
924           	1.682939e-04	1.304042e-02	1.376925e-03	3.516753e-03	7.049663e-04	1.170938e-03
925           	1.707508e-04	1.288251e-02	1.355888e-03	3.469953e-03	7.304752e-04	1.212399e-03
926           	1.712307e-04	1.269231e-02	1.361625e-03	3.491717e-03	6.969517e-04	1.250764e-03
927           	1.725164e-04	1.258909e-02	1.347713e-03	3.455712e-03	7.287808e-04	1.219132e-03
928           	1.709774e-04	1.279563e-02	1.396200e-03	3.577807e-03	6.977781e-04	1.176420e-03
929           	1.675527e-04	1.265413e-02	1.356139e-03	3.473758e-03	7.274705e-04	1.121870e-03
930           	1.628923e-04	1.253505e-02	1.360160e-03	3.539171e-03	6.955736e-04	1.164780e-03
931           	1.659382e-04	1.250547e-02	1.317359e-03	3.470974e-03	7.266569e-04	1.146718e-03
932           	1.697769e-04	1.246194e-02	1.359307e-03	3.522799e-03	6.983150e-04	1.175569e-03
933           	1.712886e-04	1.236250e-02	1.368444e-03	3.510304e-03	7.314881e-04	1.136389e-03
934           	1.700643e-04	1.237349e-02	1.371656e-03	3.545921e-03	7.151774e-04	1.242701e-03
935           	1.678317e-04	1.237162e-02	1.343870e-03	3.456749e-03	7.367698e-04	1.218811e-03
936           	1.675483e-04	1.254665e-02	1.343916e-03	3.545856e-03	7.198916e-04	1.194404e-03
937           	1.717570e-04	1.256590e-02	1.355921e-03	3.494491e-03	7.427573e-04	1.265478e-03
938           	1.713793e-04	1.247028e-02	1.365117e-03	3.550349e-03	7.292786e-04	1.257737e-03
939           	1.676560e-04	1.219624e-02	1.367795e-03	3.440051e-03	7.452083e-04	1.291422e-03
940           	1.682597e-04	1.248318e-02	1.368655e-03	3.595704e-03	7.245870e-04	1.229808e-03
941           	1.674884e-04	1.254849e-02	1.360657e-03	3.483850e-03	7.447893e-04	1.196132e-03
942           	1.686830e-04	1.264683e-02	1.361641e-03	3.583811e-03	7.312211e-04	1.230575e-03
943           	1.662932e-04	1.256567e-02	1.372724e-03	3.530086e-03	7.486112e-04	1.215659e-03
944           	1.730502e-04	1.257146e-02	1.397179e-03	3.553513e-03	7.238776e-04	1.174632e-03
945           	1.738791e-04	1.251731e-02	1.388797e-03	3.602134e-03	7.479011e-04	1.111965e-03
946           	1.715249e-04	1.259092e-02	1.385781e-03	3.502785e-03	7.232414e-04	1.173271e-03
947           	1.685283e-04	1.256188e-02	1.335262e-03	3.493075e-03	7.437080e-04	1.166733e-03
948           	1.735001e-04	1.277447e-02	1.381721e-03	3.540919e-03	7.097825e-04	1.193733e-03
949           	1.749802e-04	1.279403e-02	1.371474e-03	3.536654e-03	7.349401e-04	1.142227e-03
950           	1.754168e-04	1.263925e-02	1.394459e-03	3.466534e-03	7.138493e-04	1.190305e-03
951           	1.712902e-04	1.244714e-02	1.364694e-03	3.481495e-03	7.369604e-04	1.174966e-03
952           	1.684281e-04	1.260400e-02	1.366399e-03	3.529672e-03	7.145878e-04	1.183105e-03
953           	1.710010e-04	1.253679e-02	1.345609e-03	3.538717e-03	7.416199e-04	1.186755e-03
954           	1.686280e-04	1.257584e-02	1.371855e-03	3.467163e-03	7.226140e-04	1.216100e-03
955           	1.669617e-04	1.245353e-02	1.328715e-03	3.482645e-03	7.450315e-04	1.225318e-03
956           	1.667241e-04	1.262883e-02	1.354227e-03	3.488186e-03	7.157923e-04	1.232723e-03
957           	1.706570e-04	1.260396e-02	1.350887e-03	3.443593e-03	7.428588e-04	1.217516e-03
958           	1.731734e-04	1.256804e-02	1.360678e-03	3.552042e-03	7.160585e-04	1.229594e-03
959           	1.722681e-04	1.256406e-02	1.366609e-03	3.557042e-03	7.467273e-04	1.228151e-03
960           	1.699777e-04	1.265084e-02	1.375783e-03	3.606724e-03	7.150040e-04	1.150233e-03
961           	1.728039e-04	1.269967e-02	1.359228e-03	3.563834e-03	7.490025e-04	1.115494e-03
962           	1.735481e-04	1.263964e-02	1.381329e-03	3.554804e-03	7.188332e-04	1.173638e-03
963           	1.667011e-04	1.247194e-02	1.367501e-03	3.554260e-03	7.532534e-04	1.177385e-03
964           	1.666220e-04	1.283099e-02	1.382575e-03	3.550523e-03	7.117359e-04	1.208872e-03
965           	1.686329e-04	1.285465e-02	1.380572e-03	3.540727e-03	7.449671e-04	1.173886e-03
966           	1.657571e-04	1.305931e-02	1.384406e-03	3.516941e-03	7.141012e-04	1.235952e-03
967           	1.641055e-04	1.303335e-02	1.347063e-03	3.418079e-03	7.451932e-04	1.181773e-03
968           	1.683579e-04	1.310928e-02	1.389297e-03	3.524019e-03	7.173013e-04	1.174622e-03
969           	1.675948e-04	1.280591e-02	1.375822e-03	3.462756e-03	7.471100e-04	1.188773e-03
970           	1.663068e-04	1.273202e-02	1.369212e-03	3.554740e-03	7.231383e-04	1.205662e-03
971           	1.664230e-04	1.262144e-02	1.369313e-03	3.514314e-03	7.462529e-04	1.223625e-03
972           	1.695953e-04	1.282426e-02	1.408316e-03	3.621874e-03	7.092311e-04	1.266880e-03
973           	1.708777e-04	1.287320e-02	1.395344e-03	3.540186e-03	7.271359e-04	1.232974e-03
974           	1.730703e-04	1.312423e-02	1.416293e-03	3.552808e-03	7.563571e-04	1.291309e-03
975           	1.688219e-04	1.312472e-02	1.385940e-03	3.519402e-03	7.525675e-04	1.252633e-03
976           	1.694698e-04	1.322236e-02	1.388991e-03	3.562932e-03	7.135339e-04	1.176610e-03
977           	1.745177e-04	1.295744e-02	1.392215e-03	3.624814e-03	7.343979e-04	1.191046e-03
978           	1.727502e-04	1.296280e-02	1.418172e-03	3.581401e-03	6.936756e-04	1.150674e-03
979           	1.686172e-04	1.278244e-02	1.377408e-03	3.542711e-03	7.087016e-04	1.123988e-03
980           	1.730385e-04	1.324152e-02	1.412402e-03	3.541422e-03	7.487730e-04	1.182096e-03
981           	1.700131e-04	1.320149e-02	1.413974e-03	3.618459e-03	7.380164e-04	1.157571e-03
982           	1.711190e-04	1.354361e-02	1.413489e-03	3.654098e-03	7.092108e-04	1.206179e-03
983           	1.688529e-04	1.362647e-02	1.391316e-03	3.506576e-03	7.292098e-04	1.192700e-03
984           	1.719956e-04	1.343706e-02	1.393749e-03	3.589268e-03	7.101850e-04	1.198492e-03
985           	1.756934e-04	1.331714e-02	1.395209e-03	3.595042e-03	7.341007e-04	1.212487e-03
986           	1.739454e-04	1.323736e-02	1.398975e-03	3.601217e-03	7.156220e-04	1.253044e-03
987           	1.714532e-04	1.308296e-02	1.382202e-03	3.597357e-03	7.338298e-04	1.248939e-03
988           	1.730230e-04	1.320517e-02	1.392612e-03	3.680873e-03	7.182729e-04	1.259493e-03
989           	1.772494e-04	1.328689e-02	1.401999e-03	3.659717e-03	7.393210e-04	1.245908e-03
990           	1.750358e-04	1.341136e-02	1.406468e-03	3.684152e-03	7.163935e-04	1.244598e-03
991           	1.688679e-04	1.329796e-02	1.379225e-03	3.574707e-03	7.486744e-04	1.183226e-03
992           	1.692845e-04	1.333852e-02	1.381830e-03	3.604640e-03	7.282115e-04	1.197020e-03
993           	1.698303e-04	1.320432e-02	1.375521e-03	3.600645e-03	7.519639e-04	1.189868e-03
994           	1.763132e-04	1.327688e-02	1.423512e-03	3.752663e-03	7.295279e-04	1.219241e-03
995           	1.759611e-04	1.302483e-02	1.405045e-03	3.640395e-03	7.540084e-04	1.207814e-03
996           	1.753050e-04	1.307929e-02	1.407101e-03	3.584084e-03	7.300284e-04	1.221843e-03
997           	1.721714e-04	1.316778e-02	1.400561e-03	3.648618e-03	7.504156e-04	1.227118e-03
998           	1.729248e-04	1.330145e-02	1.389185e-03	3.520578e-03	7.250276e-04	1.239528e-03
999           	1.690256e-04	1.311444e-02	1.359439e-03	3.500362e-03	7.448221e-04	1.205922e-03
1000          	1.694873e-04	1.303355e-02	1.360987e-03	3.527607e-03	7.212289e-04	1.173881e-03
